(CO-99-9)  Population Estimates for Counties by Age and Sex: Annual Time Series July 1, 1990 to July 1, 1999
  
Source:  Population Estimates Program, Population Division, U.S. Census Bureau, Washington, DC  20233
Contact:  Demographic Call Center Staff, 1-866-758-1060 
          pop@census.gov (please include a phone number with email correspondence)
  
NOTE:  This data set is in a file format and layout intended for downloading, not casual inspection.
       Please refer to the file layout for more information.
  
Internet Release Date:  August 30, 2000

       A S                                                                      
 FIPS  g e                                                                      
 Code  e x   1990   1991   1992   1993   1994   1995   1996   1997   1998   1999
                                                                                
15001  0 1   1028   1095   1096   1117   1095   1067   1023   1003   1006   1028
15001  0 2   1055   1129   1140   1136   1129   1097   1054   1035   1037   1059
15001  1 1   1007   1115   1164   1170   1178   1153   1110   1066   1034   1029
15001  1 2    931   1024   1068   1079   1069   1062   1018    983    952    949
15001  2 1    971   1042   1133   1174   1165   1174   1133   1097   1037   1002
15001  2 2    926    989   1071   1121   1121   1117   1089   1051    998    965
15001  3 1    969   1008   1067   1162   1193   1183   1175   1137   1090   1025
15001  3 2    889    930    980   1060   1100   1099   1075   1062   1004    949
15001  4 1   1018   1054   1083   1149   1241   1278   1252   1254   1194   1143
15001  4 2    943    985   1018   1073   1161   1208   1179   1169   1135   1074
15001  5 1    992   1016   1040   1071   1126   1218   1234   1211   1187   1138
15001  5 2    998   1018   1047   1084   1130   1219   1256   1227   1193   1162
15001  6 1   1020   1059   1070   1091   1116   1175   1252   1261   1227   1212
15001  6 2    983   1023   1032   1059   1084   1129   1204   1220   1184   1159
15001  7 1   1086   1094   1119   1134   1148   1174   1222   1307   1315   1259
15001  7 2    980    986   1011   1021   1039   1070   1101   1180   1205   1144
15001  8 1   1010   1038   1031   1056   1063   1073   1084   1129   1191   1189
15001  8 2    964    993    986   1010   1013   1029   1047   1076   1152   1166
15001  9 1   1131   1194   1213   1209   1228   1236   1229   1246   1287   1357
15001  9 2   1028   1081   1103   1093   1113   1116   1114   1138   1153   1233
15001 10 1   1099   1139   1190   1205   1190   1207   1198   1191   1193   1231
15001 10 2   1032   1072   1116   1139   1122   1138   1126   1129   1138   1154
15001 11 1   1039   1124   1151   1201   1209   1193   1193   1186   1166   1166
15001 11 2    985   1057   1084   1129   1141   1125   1125   1118   1099   1114
15001 12 1    992   1039   1106   1130   1171   1176   1149   1151   1134   1103
15001 12 2    914    961   1021   1045   1084   1093   1063   1064   1042   1024
15001 13 1    987   1011   1047   1110   1127   1171   1160   1134   1118   1096
15001 13 2    944    969   1004   1066   1084   1123   1127   1098   1085   1062
15001 14 1    919    997   1004   1044   1100   1115   1143   1139   1100   1075
15001 14 2    831    905    916    950    999   1021   1043   1044   1001    984
15001 15 1    890    909    974    983   1012   1066   1080   1114   1089   1046
15001 15 2    828    847    908    915    942    992    998   1027   1007    963
15001 16 1    814    875    876    939    945    971   1021   1025   1037   1011
15001 16 2    801    845    846    905    910    935    976    980    988    972
15001 17 1    831    840    889    893    946    949    981   1047   1056   1096
15001 17 2    826    841    879    880    934    936    961   1020   1029   1067
15001 18 1    694    795    805    846    840    885    883    911    969    970
15001 18 2    691    809    815    853    842    899    901    931    976    985
15001 19 1    716    765    840    854    879    865    895    901    936    982
15001 19 2    677    724    801    809    831    825    874    878    909    948
15001 20 1    681    666    694    766    759    776    747    796    801    828
15001 20 2    628    613    622    694    686    713    705    763    760    782
15001 21 1    596    590    584    600    641    629    627    607    657    655
15001 21 2    595    594    566    570    621    618    635    636    683    679
15001 22 1    570    570    565    551    540    578    560    572    561    594
15001 22 2    577    582    570    543    530    585    581    603    601    638
15001 23 1    635    635    629    616    578    572    598    582    604    583
15001 23 2    646    640    624    609    568    563    615    617    639    632
15001 24 1    689    677    657    644    621    581    562    593    584    591
15001 24 2    673    658    640    623    599    565    558    616    613    626
15001 25 1    710    687    664    638    617    594    549    537    572    554
15001 25 2    767    744    712    686    654    636    594    596    647    640
15001 26 1    760    762    726    691    653    631    598    555    542    567
15001 26 2    767    767    727    695    661    632    613    579    573    623
15001 27 1    772    786    767    725    685    643    618    585    550    531
15001 27 2    849    868    843    800    754    721    691    679    633    624
15001 28 1    742    773    768    750    700    664    616    600    573    536
15001 28 2    811    840    834    809    760    719    683    661    641    594
15001 29 1    941    956    965    949    925    859    804    749    729    679
15001 29 2    946    946    955    943    909    851    799    770    727    708
15001 30 1    938    962    950    946    935    898    829    781    723    698
15001 30 2    986   1001    993    993    973    941    877    830    791    753
15001 31 1   1016   1057   1064   1040   1041   1026    978    903    852    780
15001 31 2   1013   1045   1044   1022   1021   1006    970    910    856    811
15001 32 1   1032   1059   1086   1074   1058   1056   1031    986    913    850
15001 32 2   1077   1094   1109   1098   1066   1072   1052   1019    947    888
15001 33 1   1051   1072   1086   1095   1088   1068   1060   1039   1002    910
15001 33 2   1048   1054   1061   1065   1047   1028   1032   1022    980    912
15001 34 1   1068   1101   1113   1106   1120   1106   1078   1081   1059   1008
15001 34 2   1166   1192   1193   1196   1202   1197   1176   1189   1171   1130
15001 35 1   1184   1212   1241   1237   1232   1241   1224   1213   1217   1179
15001 35 2   1188   1216   1228   1215   1206   1215   1202   1192   1202   1168
15001 36 1   1125   1185   1209   1220   1218   1208   1212   1211   1200   1190
15001 36 2   1173   1229   1246   1252   1232   1226   1228   1231   1218   1228
15001 37 1   1152   1204   1265   1270   1289   1278   1259   1282   1285   1263
15001 37 2   1190   1248   1301   1307   1317   1298   1292   1311   1313   1302
15001 38 1   1109   1169   1214   1248   1257   1259   1240   1231   1262   1243
15001 38 2   1116   1172   1216   1256   1262   1266   1242   1246   1263   1257
15001 39 1   1288   1347   1412   1442   1490   1487   1488   1489   1479   1505
15001 39 2   1127   1193   1239   1275   1321   1322   1325   1317   1324   1339
15001 40 1   1190   1228   1278   1316   1346   1380   1371   1387   1391   1363
15001 40 2   1039   1080   1122   1159   1186   1234   1227   1239   1222   1221
15001 41 1   1074   1155   1177   1213   1240   1271   1290   1299   1311   1300
15001 41 2    971   1044   1070   1108   1138   1169   1205   1207   1215   1192
15001 42 1   1076   1139   1213   1221   1253   1283   1301   1344   1340   1350
15001 42 2    921    977   1037   1058   1089   1123   1145   1191   1182   1190
15001 43 1   1091   1042   1089   1154   1155   1188   1210   1249   1283   1286
15001 43 2    909    875    919    973    983   1015   1040   1073   1113   1109
15001 44 1    789   1108   1042   1082   1138   1142   1166   1197   1229   1258
15001 44 2    759   1055    996   1044   1092   1107   1137   1177   1205   1239
15001 45 1    809    793   1098   1017   1054   1104   1103   1140   1157   1190
15001 45 2    741    725    990    929    966   1014   1024   1062   1090   1112
15001 46 1    751    811    787   1071    988   1027   1076   1090   1116   1139
15001 46 2    724    782    751   1023    952    993   1038   1058   1089   1120
15001 47 1    770    789    839    804   1098   1014   1047   1112   1113   1136
15001 47 2    707    732    778    744   1002    935    974   1026   1036   1065
15001 48 1    624    765    771    815    773   1059    973   1017   1067   1065
15001 48 2    533    648    662    700    665    894    829    871    914    920
15001 49 1    652    693    835    841    885    842   1134   1064   1103   1159
15001 49 2    564    600    728    736    771    735    988    929    967   1007
15001 50 1    573    619    649    781    777    821    774   1066    982   1021
15001 50 2    544    591    624    750    748    790    749   1022    952    993
15001 51 1    519    560    599    624    746    741    779    747   1024    938
15001 51 2    506    547    586    611    729    737    769    742    994    926
15001 52 1    492    519    555    587    612    731    727    773    738    999
15001 52 2    528    564    598    632    658    784    789    839    796   1061
15001 53 1    450    499    520    552    580    605    723    728    764    725
15001 53 2    505    558    591    627    660    688    820    832    874    832
15001 54 1    462    475    522    540    569    603    624    759    754    797
15001 54 2    524    536    589    619    650    687    715    859    867    916
15001 55 1    485    483    491    535    552    584    616    642    775    773
15001 55 2    546    546    553    606    630    668    705    738    886    894
15001 56 1    451    492    483    492    535    551    581    622    647    783
15001 56 2    519    567    564    572    621    649    680    730    758    927
15001 57 1    448    451    488    478    481    521    536    574    606    629
15001 57 2    546    545    586    578    581    630    659    701    745    772
15001 58 1    441    455    453    488    474    477    517    541    572    605
15001 58 2    507    523    517    551    542    544    588    619    653    694
15001 59 1    502    480    487    483    515    499    503    552    574    604
15001 59 2    569    539    551    539    571    567    564    621    649    686
15001 60 1    523    532    502    503    497    530    517    520    569    585
15001 60 2    554    571    532    542    522    559    551    557    610    636
15001 61 1    521    536    536    502    504    496    525    518    522    565
15001 61 2    562    574    578    534    538    530    560    552    550    602
15001 62 1    564    563    573    572    532    538    523    563    545    549
15001 62 2    649    642    644    647    598    606    585    625    616    615
15001 63 1    577    618    612    622    612    575    575    575    607    589
15001 63 2    626    669    648    645    645    601    602    591    623    609
15001 64 1    586    611    646    636    633    631    583    590    579    616
15001 64 2    575    597    622    602    598    607    550    559    548    579
15001 65 1    561    548    540    551    538    531    517    497    487    481
15001 65 2    596    592    601    614    593    591    580    556    554    549
15001 66 1    535    532    512    514    529    513    502    506    478    466
15001 66 2    545    559    554    558    571    549    539    548    515    512
15001 67 1    529    543    557    543    532    551    542    532    515    475
15001 67 2    526    546    575    568    569    595    583    581    565    518
15001 68 1    499    482    500    500    475    482    496    477    468    449
15001 68 2    498    487    519    524    513    528    547    520    508    496
15001 69 1    482    493    486    495    511    502    491    503    489    489
15001 69 2    526    544    553    567    588    589    597    623    609    623
15001 70 1    454    496    510    490    509    513    491    489    501    484
15001 70 2    426    467    495    481    510    523    515    527    545    532
15001 71 1    414    437    476    486    477    492    505    492    480    477
15001 71 2    420    441    475    489    487    510    531    533    533    549
15001 72 1    391    411    436    472    485    474    490    491    465    453
15001 72 2    432    445    459    499    519    511    539    558    544    549
15001 73 1    370    381    406    435    468    483    472    482    497    497
15001 73 2    420    438    463    471    504    528    531    544    573    578
15001 74 1    370    376    402    427    443    485    502    480    494    508
15001 74 2    355    366    386    390    401    449    466    459    486    506
15001 75 1    333    335    342    350    366    386    423    432    424    432
15001 75 2    332    353    374    391    413    439    478    497    483    502
15001 76 1    325    339    348    355    371    386    407    446    457    444
15001 76 2    289    315    334    346    363    383    402    439    449    440
15001 77 1    312    319    337    339    352    373    390    409    451    456
15001 77 2    286    304    328    341    354    372    388    409    442    452
15001 78 1    267    283    289    298    311    326    338    354    377    406
15001 78 2    235    261    270    288    298    312    322    337    350    376
15001 79 1    252    263    280    288    303    317    332    343    360    380
15001 79 2    221    238    264    272    290    299    309    323    337    347
15001 80 1    235    246    264    275    281    292    294    300    306    314
15001 80 2    192    206    218    240    250    274    288    303    328    353
15001 81 1    212    221    232    242    252    257    267    271    278    281
15001 81 2    168    177    193    203    220    235    252    263    282    302
15001 82 1    195    203    215    219    227    239    240    252    258    263
15001 82 2    177    183    194    212    219    247    259    280    297    315
15001 83 1    156    166    177    181    180    193    200    206    216    218
15001 83 2    134    144    153    163    175    185    203    214    233    242
15001 84 1    113    119    131    136    137    140    147    154    160    167
15001 84 2    116    122    136    140    150    164    174    191    201    216
15001 85 1    519    565    623    668    717    775    839    901    947    995
15001 85 2    651    672    710    725    756    799    841    894    941    988
15003  0 1   7311   7441   7395   7318   7154   6819   6506   6267   6214   6248
15003  0 2   6822   6936   6898   6808   6650   6341   6049   5837   5778   5811
15003  1 1   6666   7115   7233   7167   7095   6896   6532   6197   5915   5833
15003  1 2   6250   6685   6807   6758   6682   6485   6152   5841   5585   5499
15003  2 1   6353   6595   7054   7170   7121   7009   6777   6380   6006   5689
15003  2 2   5942   6167   6609   6699   6670   6539   6319   5967   5614   5326
15003  3 1   6136   6244   6487   6926   7060   6971   6825   6573   6122   5727
15003  3 2   5814   5914   6148   6571   6686   6621   6462   6209   5811   5426
15003  4 1   6028   6112   6228   6448   6899   6993   6873   6691   6396   5899
15003  4 2   5717   5794   5899   6115   6541   6615   6534   6337   6041   5599
15003  5 1   6112   6049   6141   6242   6470   6878   6964   6815   6513   6252
15003  5 2   5669   5609   5698   5782   6007   6386   6426   6327   6013   5757
15003  6 1   5892   5969   5913   5992   6098   6270   6641   6689   6497   6217
15003  6 2   5512   5578   5525   5594   5687   5864   6201   6238   6089   5800
15003  7 1   5970   5824   5907   5839   5928   5978   6122   6453   6443   6183
15003  7 2   5677   5538   5615   5546   5634   5674   5827   6136   6125   5915
15003  8 1   5650   5671   5540   5605   5546   5584   5603   5709   5986   5972
15003  8 2   5460   5475   5350   5412   5352   5391   5399   5523   5769   5733
15003  9 1   5902   6029   6060   5898   5980   5860   5872   5857   5915   6174
15003  9 2   5580   5717   5734   5593   5665   5548   5573   5545   5635   5857
15003 10 1   5810   5899   6039   6060   5908   5934   5793   5775   5702   5728
15003 10 2   5479   5558   5696   5699   5565   5592   5445   5435   5356   5417
15003 11 1   5479   5720   5820   5938   5963   5764   5766   5580   5509   5402
15003 11 2   5090   5330   5416   5535   5550   5372   5369   5197   5136   5025
15003 12 1   5359   5520   5779   5870   5984   5967   5738   5704   5459   5363
15003 12 2   4956   5096   5343   5420   5541   5507   5308   5269   5052   4958
15003 13 1   5321   5310   5477   5725   5810   5881   5844   5583   5484   5220
15003 13 2   5088   5071   5225   5465   5543   5619   5558   5322   5226   4970
15003 14 1   5093   5398   5403   5557   5795   5847   5878   5805   5478   5354
15003 14 2   4848   5133   5128   5267   5510   5544   5589   5498   5208   5091
15003 15 1   5232   5187   5500   5496   5636   5840   5853   5829   5686   5329
15003 15 2   4879   4848   5138   5125   5267   5461   5478   5468   5342   5026
15003 16 1   5135   5250   5218   5526   5509   5618   5789   5764   5662   5521
15003 16 2   4859   4968   4944   5230   5212   5306   5480   5456   5388   5234
15003 17 1   5471   5412   5576   5493   5773   5720   5830   6076   6110   6155
15003 17 2   5170   5114   5249   5191   5465   5410   5514   5758   5795   5839
15003 18 1   5761   5915   5888   5934   5832   6042   6015   6155   6398   6376
15003 18 2   5197   5562   5538   5638   5604   5888   5837   5997   6218   6220
15003 19 1   7470   6969   7246   7143   7217   6972   7200   7134   7307   7402
15003 19 2   6055   5929   6438   6379   6547   6492   6820   6806   6941   7116
15003 20 1   8532   8130   7849   8011   7911   7919   7655   7889   7861   7823
15003 20 2   6306   5982   5931   6387   6360   6485   6430   6778   6725   6779
15003 21 1   8931   8779   8594   8102   8334   8121   8122   7882   8209   7968
15003 21 2   6347   6143   5871   5774   6236   6162   6279   6257   6563   6434
15003 22 1   8647   8527   8405   8040   7752   7893   7641   7627   7515   7626
15003 22 2   6406   6216   6030   5706   5632   6035   5948   6084   6021   6241
15003 23 1   8408   8136   7925   7668   7418   7121   7265   6996   7076   6808
15003 23 2   6553   6237   6064   5825   5519   5416   5781   5712   5797   5667
15003 24 1   8484   8068   7739   7428   7256   6917   6631   6779   6613   6526
15003 24 2   7172   6782   6452   6227   5975   5617   5491   5892   5774   5788
15003 25 1   8695   8146   7699   7285   7083   6838   6447   6177   6412   6104
15003 25 2   7424   6951   6572   6205   5988   5703   5341   5240   5587   5412
15003 26 1   8745   8391   7862   7313   7000   6714   6415   6014   5854   5932
15003 26 2   7608   7350   6894   6458   6102   5852   5547   5212   5083   5355
15003 27 1   8525   8420   8103   7471   7020   6639   6311   6005   5691   5395
15003 27 2   7605   7500   7263   6745   6329   5944   5682   5401   5046   4860
15003 28 1   8085   8014   7923   7481   6998   6489   6096   5782   5563   5114
15003 28 2   7105   7046   6962   6675   6205   5787   5420   5202   4908   4529
15003 29 1   8664   8476   8424   8172   7825   7214   6667   6265   5979   5608
15003 29 2   7719   7542   7500   7341   7041   6512   6062   5704   5447   5064
15003 30 1   8251   8164   8027   7801   7683   7280   6706   6196   5867   5457
15003 30 2   7655   7522   7353   7242   7107   6777   6274   5871   5486   5184
15003 31 1   7897   7934   7891   7607   7504   7315   6919   6389   5947   5530
15003 31 2   7314   7294   7175   6965   6872   6708   6405   5967   5553   5150
15003 32 1   7761   7752   7837   7643   7473   7307   7118   6740   6272   5730
15003 32 2   7209   7206   7202   7046   6859   6732   6577   6330   5872   5420
15003 33 1   7633   7538   7597   7543   7455   7223   7053   6893   6583   6025
15003 33 2   7424   7303   7319   7281   7144   6928   6812   6715   6441   5941
15003 34 1   7810   7819   7789   7724   7770   7604   7370   7227   7131   6704
15003 34 2   7524   7455   7350   7328   7306   7145   6929   6867   6763   6450
15003 35 1   7662   7653   7736   7578   7606   7580   7415   7220   7141   6939
15003 35 2   7280   7279   7243   7108   7114   7078   6943   6788   6708   6594
15003 36 1   7240   7442   7507   7458   7387   7352   7320   7203   7062   6883
15003 36 2   6953   7128   7160   7072   6966   6965   6945   6868   6687   6579
15003 37 1   7154   7322   7596   7548   7553   7406   7388   7395   7311   7052
15003 37 2   6908   7061   7258   7248   7170   7057   7064   7107   6987   6774
15003 38 1   6496   6691   6892   7045   7023   6970   6847   6889   6903   6747
15003 38 2   6335   6550   6711   6857   6848   6772   6675   6741   6738   6600
15003 39 1   6990   7173   7410   7538   7720   7655   7608   7503   7572   7490
15003 39 2   6785   6929   7181   7307   7465   7449   7375   7336   7349   7320
15003 40 1   6896   6969   7168   7331   7476   7612   7572   7561   7460   7451
15003 40 2   6554   6628   6780   6975   7100   7232   7229   7209   7119   7113
15003 41 1   6378   6657   6738   6849   7024   7107   7265   7252   7229   7066
15003 41 2   6317   6646   6732   6830   7027   7132   7282   7336   7266   7150
15003 42 1   6212   6383   6692   6700   6823   6956   7060   7257   7242   7150
15003 42 2   6137   6342   6680   6708   6804   6976   7094   7288   7301   7186
15003 43 1   6526   6154   6325   6578   6592   6671   6818   6958   7143   7064
15003 43 2   6542   6212   6420   6702   6734   6809   6986   7140   7281   7241
15003 44 1   5210   6854   6468   6577   6859   6834   6926   7125   7237   7388
15003 44 2   5081   6599   6280   6420   6713   6724   6805   7018   7124   7236
15003 45 1   5281   5044   6645   6213   6324   6582   6567   6689   6852   6909
15003 45 2   5290   5065   6586   6215   6360   6622   6631   6747   6908   6971
15003 46 1   4948   5168   4944   6432   6033   6124   6369   6389   6484   6591
15003 46 2   4874   5106   4895   6310   5957   6075   6328   6373   6443   6549
15003 47 1   4939   4987   5221   4951   6440   6022   6117   6406   6398   6449
15003 47 2   4891   4964   5210   4955   6387   6012   6134   6427   6431   6460
15003 48 1   4019   4702   4749   4927   4673   6079   5676   5802   6039   5987
15003 48 2   3963   4623   4696   4885   4644   5983   5624   5767   6002   5971
15003 49 1   4180   4351   5088   5098   5305   5019   6510   6127   6237   6453
15003 49 2   4220   4398   5123   5168   5388   5110   6553   6217   6338   6567
15003 50 1   3931   4088   4259   4937   4963   5152   4877   6362   5955   6021
15003 50 2   3931   4091   4265   4932   4987   5179   4913   6349   5964   6058
15003 51 1   3622   3763   3914   4046   4699   4720   4905   4674   6052   5640
15003 51 2   3709   3854   4019   4160   4818   4853   5051   4822   6193   5799
15003 52 1   3461   3572   3712   3835   3972   4603   4632   4846   4590   5913
15003 52 2   3595   3696   3845   3977   4119   4756   4798   5024   4771   6084
15003 53 1   3212   3453   3566   3682   3806   3938   4566   4628   4820   4545
15003 53 2   3400   3651   3758   3876   4018   4157   4803   4882   5078   4803
15003 54 1   3286   3247   3495   3584   3706   3832   3968   4631   4671   4838
15003 54 2   3596   3551   3816   3902   4034   4170   4316   5022   5075   5256
15003 55 1   3238   3165   3130   3350   3437   3549   3669   3831   4447   4463
15003 55 2   3592   3521   3482   3716   3806   3930   4066   4241   4897   4928
15003 56 1   3139   3290   3223   3163   3384   3474   3593   3745   3882   4490
15003 56 2   3517   3686   3616   3546   3787   3876   4009   4174   4328   4963
15003 57 1   3226   3142   3299   3209   3150   3376   3469   3613   3742   3872
15003 57 2   3720   3602   3774   3679   3619   3864   3951   4116   4260   4401
15003 58 1   2995   2990   2916   3038   2955   2901   3109   3220   3332   3439
15003 58 2   3555   3526   3421   3567   3473   3409   3647   3765   3896   4020
15003 59 1   3416   3196   3199   3097   3231   3143   3086   3333   3429   3539
15003 59 2   4064   3803   3776   3632   3789   3684   3623   3901   3992   4119
15003 60 1   3407   3340   3124   3103   3001   3129   3044   3012   3230   3308
15003 60 2   4003   3962   3711   3649   3515   3661   3562   3523   3765   3841
15003 61 1   3417   3416   3351   3110   3083   2984   3114   3048   2995   3201
15003 61 2   3913   3863   3826   3556   3501   3356   3500   3434   3372   3586
15003 62 1   3400   3292   3292   3203   2972   2940   2848   2985   2910   2840
15003 62 2   4080   3946   3902   3836   3558   3495   3362   3531   3432   3351
15003 63 1   3381   3511   3400   3372   3283   3035   3008   2922   3047   2950
15003 63 2   3966   4058   3933   3856   3786   3507   3445   3332   3471   3361
15003 64 1   3458   3533   3674   3533   3514   3406   3155   3149   3043   3151
15003 64 2   3971   4026   4130   3965   3886   3804   3533   3491   3348   3469
15003 65 1   3494   3387   3349   3475   3395   3376   3237   3147   3096   3056
15003 65 2   3963   3950   4004   4162   4102   4070   3962   3847   3805   3782
15003 66 1   3257   3244   3098   3174   3272   3119   3085   3082   2925   2872
15003 66 2   3790   3877   3829   3954   4058   3912   3828   3853   3718   3667
15003 67 1   3260   3336   3385   3361   3326   3422   3335   3302   3166   2954
15003 67 2   3627   3747   3946   3969   4045   4184   4148   4112   3999   3735
15003 68 1   3108   3060   3135   3195   3059   3107   3193   3036   3007   2885
15003 68 2   3286   3290   3476   3601   3568   3672   3790   3655   3573   3467
15003 69 1   2993   3065   3058   3165   3270   3198   3151   3215   3108   3122
15003 69 2   3210   3342   3425   3559   3758   3762   3850   3979   3949   4023
15003 70 1   2691   2913   3012   2998   3130   3132   2985   3009   3071   2967
15003 70 2   2960   3192   3389   3406   3601   3710   3697   3803   3931   3894
15003 71 1   2470   2610   2833   2958   2969   3063   3146   3059   3001   2985
15003 71 2   2746   2860   3022   3187   3265   3372   3542   3559   3621   3703
15003 72 1   2301   2441   2557   2828   2938   2916   3025   3013   2863   2807
15003 72 2   2637   2749   2824   3097   3289   3287   3465   3583   3551   3609
15003 73 1   2049   2082   2234   2422   2628   2699   2728   2792   2851   2842
15003 73 2   2363   2478   2605   2717   2899   3063   3119   3191   3359   3431
15003 74 1   1966   1995   2093   2281   2390   2597   2714   2675   2766   2825
15003 74 2   2237   2325   2431   2532   2630   2881   3045   3018   3188   3351
15003 75 1   1875   1895   1933   1979   2115   2237   2443   2505   2498   2589
15003 75 2   2056   2178   2311   2478   2640   2799   3027   3149   3159   3260
15003 76 1   1687   1739   1775   1817   1896   2019   2132   2311   2390   2382
15003 76 2   1861   2012   2121   2252   2389   2528   2657   2876   2983   2978
15003 77 1   1634   1666   1739   1784   1865   1937   2054   2159   2358   2441
15003 77 2   1733   1851   1996   2105   2209   2325   2440   2567   2770   2867
15003 78 1   1493   1556   1605   1686   1759   1830   1904   2003   2117   2317
15003 78 2   1533   1702   1812   1949   2036   2116   2213   2320   2436   2618
15003 79 1   1327   1378   1451   1505   1608   1672   1734   1792   1902   2011
15003 79 2   1344   1440   1591   1692   1805   1867   1926   2016   2105   2209
15003 80 1   1151   1201   1283   1357   1383   1446   1456   1482   1523   1586
15003 80 2   1188   1246   1320   1473   1554   1693   1784   1879   2037   2206
15003 81 1   1035   1080   1134   1194   1245   1285   1327   1351   1382   1420
15003 81 2   1057   1111   1187   1290   1414   1519   1636   1718   1840   1987
15003 82 1    849    885    926    961   1000   1052   1075   1123   1148   1174
15003 82 2    981   1020   1089   1191   1267   1410   1499   1604   1716   1825
15003 83 1    808    866    909    941    966   1013   1053   1091   1143   1169
15003 83 2    886    953   1008   1102   1182   1282   1409   1489   1627   1730
15003 84 1    698    736    788    819    837    866    896    943    983   1024
15003 84 2    818    863    940   1020   1093   1194   1277   1402   1507   1635
15003 85 1   2721   2961   3237   3518   3816   4118   4492   4787   5064   5332
15003 85 2   4773   4924   5158   5351   5608   5876   6227   6579   6990   7368
15005  0 1      0      1      1      1      2      1      1      1      0      1
15005  0 2      0      1      1      1      2      1      2      1      0      1
15005  1 1      0      0      0      0      2      3      1      1      0      0
15005  1 2      0      0      0      0      1      0      0      0      0      0
15005  2 1      0      0      0      0      2      2      1      1      0      0
15005  2 2      0      0      0      0      1      0      1      0      0      0
15005  3 1      0      0      0      0      2      1      1      1      0      0
15005  3 2      0      0      0      0      1      0      1      0      0      0
15005  4 1      0      0      0      0      0      2      1      1      1      0
15005  4 2      0      0      0      0      0      1      1      1      0      0
15005  5 1      0      0      0      0      0      0      1      1      1      0
15005  5 2      0      0      0      0      0      0      1      1      2      0
15005  6 1      0      0      0      0      0      0      0      1      1      0
15005  6 2      0      0      0      0      0      0      0      1      1      0
15005  7 1      0      0      0      0      0      0      0      1      2      0
15005  7 2      0      0      0      0      0      0      0      1      2      0
15005  8 1      0      0      0      0      0      0      0      0      0      0
15005  8 2      0      0      0      0      0      0      0      0      0      0
15005  9 1      0      0      0      0      0      0      1      1      0      0
15005  9 2      0      0      0      0      0      0      0      0      0      0
15005 10 1      0      0      0      0      0      0      0      0      0      0
15005 10 2      0      0      0      0      0      0      0      0      0      0
15005 11 1      0      0      0      0      0      0      0      0      0      0
15005 11 2      0      0      0      0      0      0      0      0      0      0
15005 12 1      0      0      0      0      0      0      0      0      0      0
15005 12 2      0      0      0      0      0      0      0      0      0      0
15005 13 1      0      0      0      0      0      0      1      0      0      0
15005 13 2      0      0      0      0      0      0      0      0      0      0
15005 14 1      0      0      0      0      0      0      1      0      0      1
15005 14 2      0      0      0      0      0      0      0      0      0      0
15005 15 1      0      0      1      0      1      0      1      0      0      0
15005 15 2      0      0      0      0      0      0      0      0      0      0
15005 16 1      0      0      0      0      1      0      0      0      1      0
15005 16 2      0      0      0      1      0      0      0      0      1      1
15005 17 1      0      0      0      0      2      0      0      1      1      0
15005 17 2      0      0      0      0      0      0      1      0      1      1
15005 18 1      0      1      1      1      2      1      1      1      0      0
15005 18 2      0      0      0      0      0      0      0      0      0      0
15005 19 1      0      1      1      1      2      1      1      1      1      1
15005 19 2      0      1      1      1      1      1      1      1      1      1
15005 20 1      0      1      1      1      1      1      1      1      1      1
15005 20 2      0      1      1      1      1      1      0      1      0      0
15005 21 1      0      2      1      1      1      1      1      1      1      1
15005 21 2      0      1      0      0      0      0      0      0      0      0
15005 22 1      0      2      2      1      1      1      1      1      1      1
15005 22 2      0      1      1      1      1      1      0      1      0      0
15005 23 1      0      0      0      1      0      1      0      0      0      0
15005 23 2      0      0      0      0      0      0      0      0      0      0
15005 24 1      0      2      2      2      1      1      1      1      1      1
15005 24 2      0      0      0      0      0      0      0      0      0      0
15005 25 1      0      1      1      1      1      1      1      1      1      1
15005 25 2      0      0      0      0      0      0      0      0      0      0
15005 26 1      0      0      0      0      0      0      0      0      0      0
15005 26 2      0      0      0      0      0      0      0      0      0      0
15005 27 1      0      1      1      1      0      0      0      1      0      0
15005 27 2      0      0      0      0      0      0      0      0      0      0
15005 28 1      0      2      2      2      1      0      0      0      0      0
15005 28 2      0      0      1      0      0      0      0      0      0      0
15005 29 1      1      3      2      2      2      2      2      2      4      4
15005 29 2      0      0      0      0      0      0      0      0      1      0
15005 30 1      2      3      3      3      2      1      1      1      1      1
15005 30 2      2      1      1      1      0      0      0      0      0      0
15005 31 1      1      1      1      0      0      0      0      0      0      0
15005 31 2      2      1      1      1      1      0      0      0      0      0
15005 32 1      0      1      1      1      0      0      0      0      0      0
15005 32 2      0      0      0      0      0      0      0      0      0      0
15005 33 1      0      0      0      0      0      0      0      0      0      0
15005 33 2      0      0      0      0      0      0      0      0      0      0
15005 34 1      0      2      2      2      2      2      3      3      4      4
15005 34 2      0      0      0      0      0      0      0      0      0      0
15005 35 1      0      1      1      1      1      1      0      1      1      1
15005 35 2      0      0      0      0      0      0      0      0      0      0
15005 36 1      2      1      1      1      0      1      0      0      0      0
15005 36 2      1      1      1      1      0      0      0      0      0      0
15005 37 1      0      0      0      0      0      0      0      0      0      0
15005 37 2      0      0      0      0      0      0      0      0      0      0
15005 38 1      2      2      2      2      2      2      0      0      0      0
15005 38 2      0      0      0      0      0      0      0      0      0      0
15005 39 1      3      4      4      5      2      3      4      4      3      4
15005 39 2      0      0      0      0      0      1      0      0      0      0
15005 40 1      0      1      1      1      1      3      3      3      1      1
15005 40 2      1      1      0      1      0      1      0      0      0      0
15005 41 1      0      0      0      0      0      0      0      0      0      0
15005 41 2      0      0      0      0      0      1      0      0      0      0
15005 42 1      0      0      0      0      0      0      0      0      0      0
15005 42 2      0      0      0      0      0      1      0      0      0      1
15005 43 1      0      0      0      0      0      0      0      0      0      0
15005 43 2      0      0      0      0      0      0      0      0      0      1
15005 44 1      2      1      1      1      1      1      0      0      0      0
15005 44 2      0      0      0      0      0      0      0      0      0      0
15005 45 1      0      0      0      0      0      0      0      0      0      0
15005 45 2      0      0      0      0      0      0      0      0      0      0
15005 46 1      2      1      1      1      1      0      0      0      0      0
15005 46 2      0      0      0      0      0      0      0      0      0      0
15005 47 1      4      2      2      2      1      1      0      0      0      0
15005 47 2      0      0      0      0      0      0      0      0      0      0
15005 48 1      0      0      0      0      0      0      0      0      0      0
15005 48 2      2      1      1      1      1      1      1      0      0      0
15005 49 1      1      1      1      1      2      1      1      1      0      1
15005 49 2      0      0      0      0      0      0      0      0      0      0
15005 50 1      2      1      1      1      1      0      0      0      0      0
15005 50 2      2      1      1      1      1      0      0      0      1      0
15005 51 1      0      0      0      0      0      0      0      0      0      0
15005 51 2      3      1      1      1      1      1      1      0      0      0
15005 52 1      2      1      1      1      1      3      0      1      0      0
15005 52 2      0      1      1      1      0      1      1      1      1      0
15005 53 1      0      0      0      0      0      0      0      0      0      0
15005 53 2      4      2      2      2      0      1      1      0      0      0
15005 54 1      2      1      1      1      2      1      1      2      1      0
15005 54 2      0      0      0      0      0      1      1      1      0      0
15005 55 1      0      1      0      0      0      1      1      0      0      1
15005 55 2      3      1      1      1      1      1      0      0      0      0
15005 56 1      0      0      0      0      0      0      0      0      0      0
15005 56 2      0      0      0      0      0      0      0      0      0      0
15005 57 1      0      0      0      0      0      0      1      0      0      0
15005 57 2      3      1      1      1      1      1      0      0      0      0
15005 58 1      0      0      0      0      0      0      0      0      0      0
15005 58 2      2      1      0      1      0      0      0      0      0      0
15005 59 1      1      1      1      1      0      1      0      1      0      0
15005 59 2      1      1      0      0      1      0      1      0      1      1
15005 60 1      7      3      3      2      1      1      2      0      0      0
15005 60 2      8      3      3      2      2      2      2      0      0      0
15005 61 1      5      2      2      1      1      1      1      0      0      0
15005 61 2      0      0      0      0      0      0      0      0      0      0
15005 62 1      3      2      2      1      0      0      0      0      0      0
15005 62 2      1      1      1      1      0      0      0      0      0      0
15005 63 1      5      2      1      1      1      1      1      0      0      0
15005 63 2      2      1      1      0      0      0      0      0      0      0
15005 64 1      3      2      1      1      1      1      0      0      0      0
15005 64 2      2      1      1      1      0      0      0      0      0      0
15005 65 1      3      2      1      1      1      1      0      0      0      0
15005 65 2      1      1      1      1      1      0      0      0      0      0
15005 66 1      1      1      1      1      1      0      0      0      0      0
15005 66 2      0      1      1      0      0      0      1      1      0      0
15005 67 1      1      1      1      1      1      0      0      0      0      0
15005 67 2      3      2      1      1      1      1      1      0      0      0
15005 68 1      1      1      1      1      1      0      0      0      0      0
15005 68 2      1      1      1      1      0      1      0      0      0      0
15005 69 1      0      0      0      0      0      0      0      0      1      1
15005 69 2      3      2      1      1      1      1      1      1      0      0
15005 70 1      0      0      0      0      0      0      0      0      1      1
15005 70 2      0      1      0      1      1      1      1      1      1      1
15005 71 1      1      1      1      1      1      0      1      0      3      0
15005 71 2      0      0      0      0      0      0      1      1      2      0
15005 72 1      3      2      2      1      1      1      2      3      0      1
15005 72 2      0      0      0      0      0      0      0      1      0      1
15005 73 1      1      1      2      1      2      1      1      1      1      0
15005 73 2      0      0      0      0      0      0      0      0      1      1
15005 74 1      0      0      0      0      0      0      0      1      2      2
15005 74 2      1      1      1      1      1      1      0      0      0      1
15005 75 1      0      0      0      0      0      0      0      0      0      0
15005 75 2      1      1      1      1      1      1      1      1      0      0
15005 76 1      0      0      0      0      0      0      0      0      0      1
15005 76 2      1      1      1      1      1      1      0      0      0      1
15005 77 1      3      2      1      1      1      1      2      2      0      0
15005 77 2      0      0      0      0      0      0      1      0      0      0
15005 78 1      0      0      0      0      0      0      0      0      0      0
15005 78 2      0      0      0      0      0      0      1      1      0      1
15005 79 1      4      2      3      1      2      1      1      1      3      0
15005 79 2      0      0      0      0      0      0      1      0      1      0
15005 80 1      3      2      2      1      1      1      1      2      0      1
15005 80 2      1      1      1      1      1      2      1      2      1      0
15005 81 1      0      1      1      1      1      1      0      0      0      0
15005 81 2      0      0      0      0      0      1      0      1      1      0
15005 82 1      0      1      0      1      1      1      1      0      1      1
15005 82 2      0      1      1      1      1      2      0      1      0      0
15005 83 1      0      0      0      0      0      0      0      0      1      0
15005 83 2      0      0      0      0      0      0      0      0      0      0
15005 84 1      1      1      2      2      1      0      0      0      0      2
15005 84 2      0      0      0      0      0      0      0      0      0      0
15005 85 1      2      6      5      5      5      4      4      3      2      3
15005 85 2      5      8      8      8      8      6      6      5      5      7
15007  0 1    391    418    414    419    410    392    379    365    361    370
15007  0 2    428    458    460    463    453    435    419    404    400    411
15007  1 1    416    455    476    472    477    464    445    420    403    401
15007  1 2    430    469    493    491    488    480    461    435    417    418
15007  2 1    419    443    481    507    498    500    487    459    432    417
15007  2 2    426    449    484    513    506    500    490    461    435    423
15007  3 1    429    445    465    503    524    511    514    489    463    436
15007  3 2    395    409    425    460    479    469    467    447    420    399
15007  4 1    439    452    459    484    521    536    524    516    488    467
15007  4 2    366    377    384    401    432    449    439    430    409    387
15007  5 1    425    431    435    446    467    502    517    492    485    463
15007  5 2    375    381    385    398    412    441    455    432    419    408
15007  6 1    458    470    472    482    490    510    547    555    528    528
15007  6 2    396    407    406    417    427    441    473    479    456    453
15007  7 1    449    447    452    454    457    465    482    511    515    494
15007  7 2    418    417    420    424    428    434    449    474    478    455
15007  8 1    426    437    428    434    434    435    441    451    474    483
15007  8 2    396    407    396    403    403    405    413    416    439    456
15007  9 1    446    467    470    465    468    465    467    466    474    506
15007  9 2    408    427    429    423    427    424    424    424    426    454
15007 10 1    446    459    469    475    471    469    464    454    454    467
15007 10 2    402    416    429    434    427    426    427    417    419    421
15007 11 1    425    455    458    475    480    468    466    455    441    445
15007 11 2    383    409    414    426    431    419    421    409    400    405
15007 12 1    382    398    417    423    445    445    434    422    411    405
15007 12 2    340    354    369    376    387    391    375    371    358    352
15007 13 1    384    389    398    419    435    442    439    417    408    400
15007 13 2    368    376    383    404    418    429    426    404    394    384
15007 14 1    352    379    377    388    420    420    429    419    401    392
15007 14 2    333    357    357    369    390    391    400    394    370    366
15007 15 1    332    338    359    359    386    400    399    397    387    372
15007 15 2    330    333    353    354    367    384    384    384    375    359
15007 16 1    331    346    346    368    376    381    397    391    390    381
15007 16 2    333    344    342    364    367    376    391    387    383    379
15007 17 1    362    361    368    368    398    395    407    417    418    434
15007 17 2    362    366    376    376    394    395    406    419    423    437
15007 18 1    346    375    371    385    382    399    394    405    425    427
15007 18 2    293    319    319    329    327    344    343    351    365    371
15007 19 1    330    324    355    353    367    360    375    370    387    404
15007 19 2    310    303    335    337    345    343    362    362    368    387
15007 20 1    320    295    301    331    326    332    318    332    332    344
15007 20 2    278    255    256    283    281    288    284    302    301    311
15007 21 1    304    287    274    278    301    299    298    281    304    303
15007 21 2    275    265    249    248    272    270    277    274    291    290
15007 22 1    264    251    246    234    231    247    237    240    236    253
15007 22 2    284    276    267    249    247    270    267    273    269    287
15007 23 1    308    296    287    281    260    258    270    259    266    256
15007 23 2    296    286    275    266    247    243    268    265    271    269
15007 24 1    340    328    314    305    291    273    267    277    273    274
15007 24 2    312    300    287    273    261    244    242    261    258    266
15007 25 1    352    333    316    303    287    275    250    241    256    249
15007 25 2    349    331    313    301    286    274    256    251    273    272
15007 26 1    378    371    347    333    312    299    281    257    257    269
15007 26 2    365    356    333    316    298    284    273    253    248    271
15007 27 1    418    415    404    379    359    336    320    300    281    272
15007 27 2    368    365    350    330    308    290    275    264    240    239
15007 28 1    366    368    364    349    330    312    291    274    257    237
15007 28 2    375    384    375    362    337    313    299    282    271    249
15007 29 1    424    417    418    406    396    364    342    309    299    280
15007 29 2    439    435    435    427    411    386    362    343    320    312
15007 30 1    420    422    413    411    403    388    358    328    304    293
15007 30 2    465    465    452    453    437    418    391    364    344    324
15007 31 1    450    461    458    444    442    431    416    375    350    318
15007 31 2    434    442    433    420    420    407    393    361    337    319
15007 32 1    439    444    450    444    434    430    419    397    359    337
15007 32 2    463    467    469    460    445    445    436    415    382    359
15007 33 1    446    448    448    447    446    434    434    415    399    361
15007 33 2    433    432    430    430    421    404    408    393    375    349
15007 34 1    476    488    488    485    486    478    470    462    447    431
15007 34 2    494    498    492    487    486    478    468    470    452    436
15007 35 1    482    493    498    491    488    490    484    467    466    451
15007 35 2    481    487    484    479    474    474    467    455    456    443
15007 36 1    456    476    482    486    482    474    479    466    459    458
15007 36 2    466    486    481    483    475    468    472    463    454    462
15007 37 1    498    519    535    532    543    533    525    527    525    518
15007 37 2    478    499    512    515    513    503    501    500    496    490
15007 38 1    466    492    503    516    522    520    515    500    513    505
15007 38 2    417    437    447    462    460    457    452    447    450    449
15007 39 1    522    544    564    572    589    587    592    576    569    582
15007 39 2    469    489    502    518    531    529    527    511    510    515
15007 40 1    507    517    532    546    561    567    568    565    558    551
15007 40 2    449    463    480    491    506    518    520    517    507    512
15007 41 1    470    504    508    520    536    543    554    548    549    546
15007 41 2    407    435    441    456    466    476    491    486    482    478
15007 42 1    417    440    465    467    476    485    495    502    503    506
15007 42 2    360    379    398    405    418    425    434    444    441    444
15007 43 1    443    418    435    455    456    463    473    476    485    487
15007 43 2    377    363    374    396    400    410    420    425    437    437
15007 44 1    355    494    460    478    499    500    511    515    528    542
15007 44 2    295    406    380    397    411    414    425    432    440    451
15007 45 1    319    312    419    390    403    420    423    428    434    447
15007 45 2    308    298    400    377    391    408    414    423    430    443
15007 46 1    301    322    307    413    383    394    411    411    417    426
15007 46 2    279    300    287    385    359    371    386    388    396    408
15007 47 1    290    298    314    298    394    369    382    395    395    404
15007 47 2    298    308    325    310    408    385    395    413    416    427
15007 48 1    250    301    303    320    304    397    373    384    396    401
15007 48 2    269    325    328    347    328    431    403    419    433    438
15007 49 1    234    250    293    296    309    296    387    359    370    387
15007 49 2    280    297    351    357    371    351    468    432    448    469
15007 50 1    255    270    283    331    335    350    336    431    406    420
15007 50 2    246    264    274    324    324    341    322    427    395    411
15007 51 1    232    246    258    269    315    317    332    318    411    388
15007 51 2    219    234    246    258    302    305    318    300    397    373
15007 52 1    220    232    242    255    265    312    312    326    310    411
15007 52 2    218    232    244    259    268    317    320    333    313    420
15007 53 1    201    222    229    239    252    261    309    307    320    307
15007 53 2    212    236    245    259    269    278    327    329    345    327
15007 54 1    180    184    199    208    216    224    235    277    277    292
15007 54 2    224    227    246    254    265    279    289    339    342    360
15007 55 1    190    191    189    203    209    219    230    237    275    280
15007 55 2    202    199    198    215    220    230    241    250    292    300
15007 56 1    188    202    198    197    214    219    227    237    245    289
15007 56 2    212    228    224    224    242    249    259    273    283    334
15007 57 1    177    178    186    183    182    197    203    210    221    232
15007 57 2    235    234    256    250    240    261    274    285    298    310
15007 58 1    173    177    175    186    179    179    194    197    206    219
15007 58 2    236    238    231    247    240    236    257    263    277    290
15007 59 1    198    186    188    182    193    189    186    202    206    216
15007 59 2    228    217    217    212    225    217    212    231    241    253
15007 60 1    206    207    191    195    189    198    193    191    207    212
15007 60 2    242    246    232    232    225    239    231    227    246    255
15007 61 1    226    232    229    213    214    206    217    211    207    226
15007 61 2    237    238    237    226    222    214    226    219    216    233
15007 62 1    217    215    219    217    199    202    195    206    197    198
15007 62 2    240    236    235    234    220    217    210    222    214    211
15007 63 1    193    207    202    203    199    183    184    179    188    183
15007 63 2    227    238    230    228    227    212    209    203    211    206
15007 64 1    228    237    248    241    241    238    220    218    214    226
15007 64 2    245    253    263    256    250    249    233    231    221    235
15007 65 1    243    233    225    226    224    220    210    201    197    192
15007 65 2    228    223    223    225    225    219    212    206    200    197
15007 66 1    210    207    196    191    200    188    184    184    172    168
15007 66 2    222    224    218    220    228    215    210    211    198    198
15007 67 1    208    210    211    203    203    207    199    197    187    170
15007 67 2    243    248    256    249    258    265    259    253    247    228
15007 68 1    229    223    222    219    213    215    219    205    200    192
15007 68 2    215    209    218    217    219    223    228    218    210    201
15007 69 1    213    216    211    211    223    214    208    211    199    200
15007 69 2    209    211    212    213    228    224    230    235    233    232
15007 70 1    193    205    207    199    208    207    196    196    198    192
15007 70 2    197    211    217    213    226    230    229    234    238    238
15007 71 1    166    177    184    191    191    199    202    195    193    190
15007 71 2    183    186    194    198    206    208    218    218    223    222
15007 72 1    138    144    149    161    169    164    169    169    159    154
15007 72 2    176    181    183    195    208    207    215    219    217    221
15007 73 1    162    160    171    180    197    199    198    199    206    203
15007 73 2    148    152    158    157    171    180    179    183    191    195
15007 74 1    164    167    173    180    195    209    216    209    215    218
15007 74 2    166    170    173    176    184    201    210    204    215    223
15007 75 1    167    164    167    163    177    185    200    204    201    207
15007 75 2    124    129    135    138    150    155    167    172    170    173
15007 76 1    143    146    146    146    153    162    170    181    187    184
15007 76 2    140    150    155    159    169    177    184    198    203    201
15007 77 1    153    149    154    152    161    163    172    180    193    198
15007 77 2    135    142    151    152    162    168    176    182    195    202
15007 78 1    132    135    135    138    144    147    150    158    167    179
15007 78 2    109    121    127    132    138    142    147    155    162    173
15007 79 1    142    144    150    145    159    160    165    163    178    187
15007 79 2    104    108    118    123    133    135    140    143    148    151
15007 80 1    113    114    120    123    123    126    127    126    125    133
15007 80 2     87     90     93     99    107    116    118    125    136    146
15007 81 1    112    116    119    121    129    128    130    132    133    131
15007 81 2     80     85     87     89    102    109    117    120    129    137
15007 82 1     88     91     96     94    100    103    105    107    109    111
15007 82 2     63     65     70     72     80     90     94     99    103    113
15007 83 1     83     86     88     90     93     94    100     99    102    104
15007 83 2     56     57     60     66     67     74     81     84     90     97
15007 84 1     70     76     80     79     83     84     87     92     89     93
15007 84 2     60     62     68     72     77     82     85     92     98    107
15007 85 1    259    284    305    318    350    369    400    425    445    463
15007 85 2    327    344    355    360    381    391    407    428    452    474
15009  0 1    886    946    944    956    944    923    903    887    890    915
15009  0 2    862    924    921    928    923    906    888    869    874    898
15009  1 1    838    928    973    982    993    983    957    927    900    906
15009  1 2    788    866    905    912    913    912    890    858    835    838
15009  2 1    792    843    914    968    970    983    971    932    891    865
15009  2 2    777    825    887    952    947    962    955    914    876    848
15009  3 1    805    837    877    963   1008   1015   1025    995    949    903
15009  3 2    794    829    862    945   1001    997   1005    984    935    896
15009  4 1    828    855    875    930   1011   1058   1056   1053   1011    967
15009  4 2    803    834    856    904    981   1035   1022   1016    986    940
15009  5 1    831    849    863    893    947   1029   1056   1043   1015    985
15009  5 2    765    780    793    825    865    942    996    969    951    928
15009  6 1    796    822    824    846    870    926   1003   1038   1006   1005
15009  6 2    793    821    822    849    879    922   1006   1051   1008   1007
15009  7 1    788    789    803    814    831    860    906    972   1002    964
15009  7 2    787    789    805    816    832    866    902    972    994    948
15009  8 1    760    779    770    793    799    818    843    878    934    950
15009  8 2    739    758    750    773    780    797    826    851    908    932
15009  9 1    793    837    844    845    861    873    888    902    932    996
15009  9 2    746    782    794    792    809    823    833    854    866    935
15009 10 1    799    828    856    874    867    890    892    894    903    931
15009 10 2    736    764    789    811    802    822    831    827    840    851
15009 11 1    757    815    831    870    884    881    893    892    884    895
15009 11 2    668    716    733    769    783    776    790    786    779    788
15009 12 1    732    772    815    838    874    886    875    874    867    855
15009 12 2    681    716    756    782    813    831    820    823    810    802
15009 13 1    723    741    765    817    833    865    870    852    849    838
15009 13 2    650    666    687    733    752    777    792    768    769    762
15009 14 1    670    729    730    761    811    827    856    848    826    824
15009 14 2    647    702    703    735    782    803    827    829    802    793
15009 15 1    780    791    845    850    884    941    951    976    983    957
15009 15 2    609    617    658    668    692    736    749    766    761    733
15009 16 1    723    758    757    811    812    845    887    895    922    908
15009 16 2    590    620    620    668    674    701    738    745    757    749
15009 17 1    768    772    798    799    848    857    892    948    980   1010
15009 17 2    622    626    649    653    698    706    735    783    802    830
15009 18 1    615    665    667    696    692    740    742    778    829    845
15009 18 2    543    590    593    620    619    670    677    703    750    765
15009 19 1    639    635    701    716    741    739    780    786    830    877
15009 19 2    557    549    610    616    641    645    698    702    733    777
15009 20 1    640    600    622    694    691    715    700    748    761    794
15009 20 2    601    563    568    638    636    665    667    721    731    760
15009 21 1    633    599    583    604    652    652    660    642    701    703
15009 21 2    530    513    487    494    543    548    574    571    626    625
15009 22 1    632    612    603    590    586    636    618    634    632    679
15009 22 2    587    574    561    534    530    587    592    616    622    668
15009 23 1    645    621    615    608    579    577    613    594    622    609
15009 23 2    624    603    591    576    544    545    601    598    622    622
15009 24 1    726    702    675    667    644    621    612    634    634    650
15009 24 2    680    655    631    614    594    567    567    623    622    644
15009 25 1    821    779    749    723    704    683    645    626    673    660
15009 25 2    741    706    671    650    625    610    585    581    630    626
15009 26 1    834    821    773    752    707    698    671    634    633    664
15009 26 2    753    741    697    668    639    620    610    578    572    620
15009 27 1    909    916    889    845    807    769    744    710    690    666
15009 27 2    822    829    804    761    721    694    675    657    616    612
15009 28 1    820    833    830    807    759    728    682    660    632    596
15009 28 2    846    861    855    833    784    747    720    694    671    628
15009 29 1    946    946    950    946    919    869    829    769    756    707
15009 29 2    962    957    957    959    926    873    832    795    761    743
15009 30 1    962    975    970    970    965    940    875    826    772    749
15009 30 2    949    950    932    940    932    907    854    808    769    733
15009 31 1    892    914    920    901    908    904    871    800    762    696
15009 31 2    934    952    947    930    932    930    898    844    789    757
15009 32 1    955    969    987    985    970    980    976    930    865    815
15009 32 2    944    953    962    955    936    950    950    918    855    811
15009 33 1    989   1001   1005   1015   1020   1010   1017   1001    958    882
15009 33 2    953    952    955    961    955    948    963    959    921    862
15009 34 1   1083   1110   1112   1115   1131   1140   1133   1138   1122   1069
15009 34 2    994   1008    999   1002   1007   1011   1007   1027   1006    974
15009 35 1   1105   1127   1145   1149   1149   1174   1178   1170   1181   1154
15009 35 2   1053   1074   1077   1073   1076   1092   1100   1101   1112   1095
15009 36 1   1108   1160   1173   1197   1197   1196   1224   1227   1228   1227
15009 36 2    997   1049   1056   1068   1062   1071   1089   1098   1092   1105
15009 37 1   1021   1062   1103   1121   1136   1146   1142   1173   1190   1180
15009 37 2    926    961   1001   1008   1019   1014   1023   1040   1043   1039
15009 38 1    989   1035   1069   1111   1124   1146   1149   1147   1191   1184
15009 38 2    861    899    929    966    978    991    991    997   1013   1020
15009 39 1   1068   1119   1154   1192   1234   1248   1268   1268   1268   1303
15009 39 2    961   1005   1040   1076   1119   1133   1149   1141   1152   1168
15009 40 1    988   1013   1048   1083   1114   1162   1168   1187   1191   1179
15009 40 2    865    893    927    961    993   1038   1052   1063   1059   1063
15009 41 1    879    944    958    991   1028   1067   1109   1121   1144   1142
15009 41 2    782    838    853    891    919    957    998   1007   1016   1007
15009 42 1    856    899    955    966    995   1031   1066   1103   1111   1124
15009 42 2    734    778    822    838    872    904    940    978    974    986
15009 43 1    898    846    883    934    945    974   1009   1039   1074   1074
15009 43 2    756    725    764    811    823    862    895    932    964    972
15009 44 1    681    955    891    929    984    999   1037   1065   1105   1132
15009 44 2    599    833    782    828    868    887    923    957    984   1018
15009 45 1    690    674    923    865    901    953    969   1003   1037   1065
15009 45 2    665    649    887    837    875    928    946    987   1019   1049
15009 46 1    614    662    636    885    815    854    912    920    947    972
15009 46 2    612    660    633    864    808    853    904    923    948    984
15009 47 1    607    621    660    633    867    813    854    901    909    934
15009 47 2    597    615    654    628    849    802    849    900    908    941
15009 48 1    500    607    615    652    626    846    802    832    882    892
15009 48 2    478    582    590    629    601    814    774    817    854    867
15009 49 1    543    577    698    703    742    712    984    919    951   1010
15009 49 2    522    556    665    677    715    689    938    882    923    971
15009 50 1    501    543    570    688    689    735    707    974    903    939
15009 50 2    460    496    520    626    632    675    653    876    831    864
15009 51 1    453    487    517    544    653    660    704    673    922    857
15009 51 2    417    449    477    502    598    608    651    627    838    789
15009 52 1    421    443    471    500    520    633    639    680    646    892
15009 52 2    418    447    475    509    532    642    652    695    665    905
15009 53 1    387    428    445    475    504    528    643    646    686    654
15009 53 2    419    464    489    521    553    579    700    712    757    721
15009 54 1    341    350    383    400    424    454    476    579    579    620
15009 54 2    434    440    483    509    541    576    606    733    739    788
15009 55 1    375    372    378    415    431    460    491    516    624    626
15009 55 2    405    406    407    448    470    500    535    563    676    685
15009 56 1    337    370    361    367    399    419    447    475    497    603
15009 56 2    405    441    431    433    476    499    534    569    594    714
15009 57 1    345    347    372    366    372    407    425    456    484    502
15009 57 2    422    422    453    445    447    493    521    557    592    621
15009 58 1    340    347    342    367    363    367    403    419    445    473
15009 58 2    351    361    356    382    377    382    420    444    472    504
15009 59 1    389    370    372    370    394    389    397    434    449    478
15009 59 2    455    429    434    431    459    456    459    506    533    564
15009 60 1    381    386    364    371    367    394    385    395    431    453
15009 60 2    433    442    411    421    415    442    438    445    486    513
15009 61 1    369    380    380    359    363    362    386    382    385    423
15009 61 2    437    445    451    418    423    422    450    444    449    495
15009 62 1    406    406    411    410    385    391    390    419    411    416
15009 62 2    473    465    464    468    438    445    439    465    461    467
15009 63 1    426    454    448    454    452    428    432    430    460    451
15009 63 2    434    458    444    447    451    418    427    420    450    444
15009 64 1    402    419    444    437    439    444    417    423    415    445
15009 64 2    433    450    467    455    456    462    431    438    428    456
15009 65 1    414    401    395    408    402    392    379    364    361    361
15009 65 2    467    464    469    484    476    469    461    437    439    441
15009 66 1    429    427    409    417    428    410    404    403    382    379
15009 66 2    417    428    421    430    443    424    413    419    401    401
15009 67 1    392    401    411    404    397    409    395    385    380    351
15009 67 2    422    436    459    456    461    476    467    459    453    422
15009 68 1    370    360    372    376    359    364    373    355    354    341
15009 68 2    393    390    412    419    416    424    437    417    411    402
15009 69 1    361    369    366    374    388    373    369    375    371    371
15009 69 2    381    394    398    412    432    431    436    449    445    457
15009 70 1    326    350    363    355    370    372    352    349    363    353
15009 70 2    347    376    399    394    421    429    422    428    450    446
15009 71 1    299    315    344    354    350    359    370    356    351    353
15009 71 2    319    333    353    368    372    381    399    398    407    418
15009 72 1    291    307    324    354    367    360    371    366    355    348
15009 72 2    312    322    332    364    385    376    402    407    404    407
15009 73 1    286    293    314    338    363    373    370    376    390    390
15009 73 2    289    306    319    332    358    375    377    384    405    417
15009 74 1    265    270    285    307    321    348    360    349    364    376
15009 74 2    260    270    282    290    300    332    346    331    358    373
15009 75 1    230    232    240    244    258    275    297    301    302    318
15009 75 2    254    268    283    300    319    334    362    372    371    385
15009 76 1    207    216    220    224    234    247    261    280    292    289
15009 76 2    235    258    274    285    302    315    332    357    373    370
15009 77 1    213    220    229    234    243    252    266    274    307    316
15009 77 2    208    220    238    250    259    271    283    295    322    331
15009 78 1    210    218    228    236    246    256    263    275    293    323
15009 78 2    188    209    223    240    249    260    268    280    293    322
15009 79 1    203    214    226    232    249    260    270    279    294    314
15009 79 2    162    176    196    204    215    225    232    237    252    264
15009 80 1    165    172    184    193    199    206    207    213    216    227
15009 80 2    136    141    149    170    177    193    202    212    231    253
15009 81 1    136    142    151    157    161    166    171    173    180    183
15009 81 2    133    139    149    157    171    183    195    202    220    236
15009 82 1    130    135    144    148    151    159    159    166    169    174
15009 82 2    111    118    127    135    142    159    167    178    192    206
15009 83 1    117    127    133    136    139    144    149    148    157    163
15009 83 2    101    110    117    123    135    144    160    166    183    192
15009 84 1    106    112    123    124    128    132    137    144    146    157
15009 84 2     94     99    106    114    123    135    141    155    171    185
15009 85 1    395    434    479    517    559    602    654    692    739    781
15009 85 2    573    602    628    646    673    699    741    778    834    884
