(CO-99-9)  Population Estimates for Counties by Age and Sex: Annual Time Series July 1, 1990 to July 1, 1999
  
Source:  Population Estimates Program, Population Division, U.S. Census Bureau, Washington, DC  20233
Contact:  Demographic Call Center Staff, 1-866-758-1060 
          pop@census.gov (please include a phone number with email correspondence)
  
NOTE:  This data set is in a file format and layout intended for downloading, not casual inspection.
       Please refer to the file layout for more information.
  
Internet Release Date:  August 30, 2000

       A S                                                                      
 FIPS  g e                                                                      
 Code  e x   1990   1991   1992   1993   1994   1995   1996   1997   1998   1999
                                                                                
11001  0 1   4556   4580   4322   4173   3988   3635   3346   3149   2976   3043
11001  0 2   4317   4344   4107   3947   3779   3447   3175   2993   2825   2889
11001  1 1   3929   4451   4398   4136   3983   3817   3381   3130   2830   2732
11001  1 2   3777   4278   4232   3988   3822   3670   3255   3014   2729   2632
11001  2 1   3537   3876   4292   4239   3971   3835   3583   3185   2833   2607
11001  2 2   3504   3836   4247   4200   3942   3790   3548   3158   2812   2591
11001  3 1   3361   3492   3729   4136   4077   3827   3606   3388   2890   2614
11001  3 2   3415   3549   3786   4199   4144   3898   3655   3442   2939   2660
11001  4 1   3373   3501   3536   3780   4195   4152   3795   3599   3263   2818
11001  4 2   3241   3368   3403   3634   4032   3995   3662   3455   3138   2714
11001  5 1   3271   3399   3426   3459   3695   4130   3995   3671   3147   3096
11001  5 2   3088   3207   3237   3270   3489   3899   3776   3476   2966   2924
11001  6 1   3068   3227   3255   3277   3300   3547   3884   3788   3357   3123
11001  6 2   2968   3122   3147   3172   3196   3431   3757   3668   3257   3016
11001  7 1   3005   3037   3096   3121   3133   3169   3323   3690   3492   3029
11001  7 2   2975   3008   3067   3089   3105   3142   3292   3655   3462   3012
11001  8 1   2891   2943   2880   2933   2950   2972   2920   3103   3356   3241
11001  8 2   2766   2815   2755   2805   2818   2844   2796   2968   3210   3105
11001  9 1   3005   3094   3047   2978   3024   3055   2986   2965   3046   3404
11001  9 2   2888   2976   2930   2863   2907   2935   2873   2853   2928   3273
11001 10 1   3024   2997   2980   2934   2857   2913   2855   2816   2681   2842
11001 10 2   2959   2933   2919   2872   2797   2851   2793   2759   2628   2782
11001 11 1   2811   2953   2828   2802   2751   2689   2653   2627   2476   2423
11001 11 2   2821   2963   2840   2815   2763   2700   2666   2638   2489   2436
11001 12 1   2691   2843   2887   2758   2715   2678   2530   2521   2385   2307
11001 12 2   2652   2800   2844   2717   2678   2640   2494   2486   2349   2275
11001 13 1   2662   2716   2771   2810   2671   2631   2510   2391   2266   2209
11001 13 2   2639   2691   2743   2783   2646   2609   2488   2371   2247   2189
11001 14 1   2578   2707   2662   2713   2742   2610   2472   2385   2153   2102
11001 14 2   2518   2642   2597   2644   2674   2545   2413   2327   2101   2052
11001 15 1   2709   2614   2643   2593   2634   2672   2451   2330   2130   1979
11001 15 2   2635   2544   2570   2521   2558   2597   2382   2267   2072   1926
11001 16 1   2780   2711   2516   2536   2478   2526   2476   2284   2033   1924
11001 16 2   2752   2676   2487   2504   2446   2492   2444   2254   2008   1900
11001 17 1   3529   2928   2769   2610   2636   2570   2636   2686   2640   2710
11001 17 2   3542   2933   2766   2612   2637   2572   2634   2683   2640   2711
11001 18 1   4573   3281   2801   2670   2510   2535   2521   2623   2750   2743
11001 18 2   4899   3484   2941   2815   2650   2680   2674   2767   2899   2892
11001 19 1   5877   4598   3430   2942   2820   2665   2704   2771   2955   3120
11001 19 2   6819   5238   3795   3249   3104   2930   3026   3061   3264   3464
11001 20 1   6023   5873   4736   3514   3048   2939   2771   2939   3059   3282
11001 20 2   6710   6506   5102   3750   3204   3063   2954   3094   3225   3483
11001 21 1   5640   5865   5853   4675   3506   3054   2923   2895   3113   3257
11001 21 2   6221   6446   6367   5073   3720   3179   3098   3029   3271   3443
11001 22 1   5387   5364   5671   5594   4509   3390   2926   2934   2947   3174
11001 22 2   6143   6069   6388   6396   5076   3721   3241   3195   3219   3494
11001 23 1   5421   5202   5245   5493   5446   4391   3283   2938   2984   3002
11001 23 2   6443   6118   6133   6529   6497   5148   3844   3377   3424   3464
11001 24 1   5869   5601   5431   5435   5710   5648   4562   3497   3177   3220
11001 24 2   6761   6416   6170   6249   6596   6532   5274   3962   3578   3633
11001 25 1   6109   5890   5675   5470   5476   5732   5701   4689   3658   3315
11001 25 2   6777   6516   6251   6070   6087   6386   6438   5214   4025   3638
11001 26 1   6095   5983   5822   5576   5360   5340   5622   5669   4759   3698
11001 26 2   6855   6724   6531   6317   6066   6040   6442   6499   5407   4173
11001 27 1   6300   6233   6166   5968   5689   5435   5445   5797   5961   4985
11001 27 2   6735   6637   6564   6420   6132   5842   5906   6293   6507   5409
11001 28 1   5808   5832   5787   5664   5427   5118   4891   4929   5320   5420
11001 28 2   6252   6262   6190   6132   5894   5555   5345   5372   5828   5981
11001 29 1   6480   6338   6380   6263   6074   5753   5427   5210   5306   5677
11001 29 2   6725   6538   6571   6502   6325   6001   5705   5455   5565   5991
11001 30 1   6223   6154   6043   6023   5850   5608   5313   5033   4875   4920
11001 30 2   6395   6305   6154   6193   6020   5779   5527   5221   5057   5120
11001 31 1   5755   5797   5764   5609   5539   5323   5101   4861   4637   4457
11001 31 2   6041   6038   5983   5853   5793   5562   5383   5122   4892   4709
11001 32 1   5635   5499   5575   5502   5309   5195   4993   4820   4622   4380
11001 32 2   5970   5803   5836   5806   5591   5473   5300   5109   4912   4669
11001 33 1   5445   5343   5257   5296   5190   4967   4866   4719   4581   4372
11001 33 2   5804   5666   5553   5613   5504   5246   5186   5008   4878   4677
11001 34 1   5499   5426   5375   5266   5274   5128   4920   4873   4756   4606
11001 34 2   5783   5642   5559   5482   5469   5318   5121   5060   4940   4810
11001 35 1   5621   5301   5285   5221   5086   5064   4943   4798   4789   4669
11001 35 2   5660   5321   5245   5207   5075   5026   4947   4764   4764   4658
11001 36 1   5051   5092   4861   4834   4754   4607   4609   4561   4464   4461
11001 36 2   5397   5395   5129   5095   5005   4846   4863   4796   4677   4694
11001 37 1   4913   4886   4984   4753   4704   4606   4492   4559   4555   4467
11001 37 2   5208   5148   5205   4993   4907   4795   4708   4740   4740   4643
11001 38 1   4556   4435   4463   4551   4320   4255   4196   4153   4260   4271
11001 38 2   4795   4645   4647   4744   4506   4405   4368   4304   4398   4425
11001 39 1   5013   4800   4723   4756   4829   4561   4530   4523   4529   4663
11001 39 2   5346   5079   4982   5029   5087   4806   4766   4742   4747   4880
11001 40 1   4642   4550   4404   4343   4349   4398   4195   4208   4260   4282
11001 40 2   5127   5018   4823   4778   4775   4808   4611   4585   4639   4672
11001 41 1   4276   4243   4206   4079   4000   3987   4077   3924   3989   4059
11001 41 2   4916   4852   4806   4662   4572   4548   4650   4472   4518   4599
11001 42 1   4149   4098   4114   4092   3940   3846   3875   3999   3905   3985
11001 42 2   4693   4629   4625   4626   4439   4334   4377   4486   4386   4455
11001 43 1   4317   3962   3957   3993   3946   3776   3732   3791   3974   3900
11001 43 2   4744   4371   4364   4405   4364   4163   4128   4178   4362   4289
11001 44 1   3507   4368   4054   4071   4079   4014   3890   3869   3993   4212
11001 44 2   3734   4592   4282   4317   4315   4255   4122   4097   4221   4434
11001 45 1   3544   3251   4089   3825   3814   3807   3799   3699   3746   3888
11001 45 2   3819   3504   4356   4108   4104   4085   4095   3974   4025   4173
11001 46 1   3137   3152   2928   3707   3445   3421   3466   3479   3447   3514
11001 46 2   3668   3680   3422   4296   4016   3997   4045   4066   4020   4101
11001 47 1   3330   3041   3094   2902   3636   3374   3403   3467   3549   3537
11001 47 2   3844   3522   3582   3369   4181   3900   3950   4011   4115   4093
11001 48 1   2826   3059   2827   2904   2703   3374   3180   3222   3348   3451
11001 48 2   3221   3470   3219   3311   3087   3816   3621   3675   3809   3936
11001 49 1   3096   2962   3243   3029   3089   2867   3627   3439   3558   3724
11001 49 2   3534   3381   3685   3460   3529   3282   4114   3921   4067   4246
11001 50 1   2949   2952   2858   3162   2928   2979   2813   3567   3453   3598
11001 50 2   3223   3229   3126   3446   3207   3261   3087   3875   3772   3941
11001 51 1   2762   2739   2778   2715   2978   2749   2846   2697   3489   3404
11001 51 2   2993   2967   3011   2946   3220   2985   3090   2935   3757   3686
11001 52 1   2573   2547   2560   2624   2541   2778   2610   2711   2628   3417
11001 52 2   2979   2951   2965   3042   2947   3209   3030   3146   3056   3932
11001 53 1   2467   2518   2526   2566   2609   2517   2799   2637   2803   2738
11001 53 2   2808   2862   2872   2918   2968   2864   3172   3003   3191   3122
11001 54 1   2528   2426   2507   2544   2563   2597   2547   2839   2737   2931
11001 54 2   2846   2726   2815   2857   2879   2918   2862   3176   3076   3293
11001 55 1   2545   2368   2299   2404   2415   2427   2500   2454   2795   2710
11001 55 2   2848   2657   2577   2690   2704   2715   2799   2748   3114   3035
11001 56 1   2347   2412   2270   2227   2305   2308   2356   2431   2436   2788
11001 56 2   2777   2854   2693   2639   2727   2730   2787   2876   2881   3280
11001 57 1   2361   2254   2345   2229   2164   2230   2270   2321   2444   2458
11001 57 2   2840   2696   2804   2672   2589   2665   2711   2772   2920   2934
11001 58 1   2124   2136   2064   2169   2041   1973   2066   2107   2200   2329
11001 58 2   2528   2527   2428   2552   2405   2321   2428   2475   2584   2735
11001 59 1   2417   2161   2204   2154   2240   2099   2062   2165   2254   2367
11001 59 2   2872   2565   2601   2526   2627   2466   2421   2536   2640   2772
11001 60 1   2367   2232   2017   2079   2011   2084   1984   1951   2091   2188
11001 60 2   2848   2711   2448   2509   2411   2496   2380   2339   2499   2614
11001 61 1   2230   2173   2074   1888   1929   1858   1954   1862   1868   2010
11001 61 2   2825   2721   2620   2385   2421   2316   2435   2324   2328   2498
11001 62 1   2235   2115   2086   2009   1808   1843   1802   1898   1844   1858
11001 62 2   2868   2704   2634   2561   2305   2333   2266   2384   2320   2332
11001 63 1   2171   2142   2052   2044   1948   1745   1807   1769   1900   1854
11001 63 2   2840   2764   2637   2593   2495   2232   2296   2233   2395   2340
11001 64 1   2184   2078   2077   2011   1984   1883   1709   1776   1774   1912
11001 64 2   2957   2793   2752   2653   2582   2474   2246   2316   2295   2473
11001 65 1   2131   2041   2040   2131   2106   2074   1949   1845   1869   1905
11001 65 2   2959   2832   2837   2838   2770   2737   2566   2397   2421   2461
11001 66 1   2066   2031   1966   2025   2111   2002   1933   1889   1843   1867
11001 66 2   2907   2860   2791   2772   2823   2709   2549   2480   2429   2456
11001 67 1   2042   2016   1972   1874   1862   1930   1858   1830   1754   1628
11001 67 2   3003   2977   2843   2713   2692   2662   2577   2522   2367   2125
11001 68 1   1963   1857   1833   1787   1721   1758   1784   1693   1668   1599
11001 68 2   2777   2655   2548   2499   2415   2372   2397   2277   2146   2007
11001 69 1   1961   1949   1851   1846   1815   1706   1688   1735   1703   1737
11001 69 2   2792   2778   2722   2707   2572   2445   2404   2371   2312   2322
11001 70 1   1791   1882   1855   1773   1759   1696   1624   1645   1704   1675
11001 70 2   2697   2794   2842   2726   2602   2542   2433   2383   2426   2368
11001 71 1   1631   1679   1747   1722   1630   1613   1580   1480   1488   1519
11001 71 2   2433   2487   2616   2614   2548   2514   2420   2302   2260   2233
11001 72 1   1486   1531   1542   1607   1580   1500   1482   1425   1386   1394
11001 72 2   2405   2453   2505   2608   2639   2511   2429   2376   2269   2227
11001 73 1   1367   1344   1423   1475   1510   1508   1411   1412   1371   1297
11001 73 2   2219   2178   2134   2206   2320   2283   2233   2190   2126   2008
11001 74 1   1323   1299   1348   1402   1389   1466   1426   1367   1340   1301
11001 74 2   2206   2145   2089   2156   2201   2257   2291   2166   2114   2052
11001 75 1   1305   1288   1268   1241   1266   1282   1348   1344   1293   1298
11001 75 2   2277   2224   2189   2151   2108   2108   2165   2149   2068   2065
11001 76 1   1170   1183   1163   1139   1139   1156   1177   1242   1240   1194
11001 76 2   2030   2029   1987   1932   1883   1879   1873   1938   1935   1862
11001 77 1   1103   1099   1105   1081   1082   1076   1099   1122   1187   1187
11001 77 2   2033   1999   2002   1937   1868   1855   1846   1855   1928   1926
11001 78 1   1025   1048   1038   1040   1040   1035   1037   1061   1086   1149
11001 78 2   1875   1922   1893   1873   1797   1765   1747   1750   1767   1841
11001 79 1    921    937    952    939    962    956    956    960    985   1010
11001 79 2   1908   1888   1938   1887   1851   1809   1772   1766   1780   1798
11001 80 1    781    788    824    849    864    878    856    835    811    805
11001 80 2   1552   1540   1526   1579   1565   1569   1519   1488   1451   1422
11001 81 1    654    661    678    697    726    727    726    708    688    668
11001 81 2   1455   1444   1447   1446   1492   1473   1458   1420   1371   1337
11001 82 1    597    603    619    625    649    664    655    654    635    618
11001 82 2   1347   1324   1326   1341   1337   1373   1338   1334   1280   1235
11001 83 1    498    516    531    536    548    559    563    554    553    537
11001 83 2   1182   1199   1189   1201   1210   1203   1219   1196   1175   1127
11001 84 1    464    475    501    506    518    519    522    525    516    515
11001 84 2   1129   1124   1148   1150   1158   1163   1140   1165   1125   1104
11001 85 1   1927   2004   2066   2155   2180   2243   2276   2387   2514   2641
11001 85 2   5717   5928   6172   6266   6369   6457   6495   6479   6539   6582
