(CO-99-9)  Population Estimates for Counties by Age and Sex: Annual Time Series July 1, 1990 to July 1, 1999
  
Source:  Population Estimates Program, Population Division, U.S. Census Bureau, Washington, DC  20233
Contact:  Demographic Call Center Staff, 1-866-758-1060 
          pop@census.gov (please include a phone number with email correspondence)
  
NOTE:  This data set is in a file format and layout intended for downloading, not casual inspection.
       Please refer to the file layout for more information.
  
Internet Release Date:  August 30, 2000

       A S                                                                      
 FIPS  g e                                                                      
 Code  e x   1990   1991   1992   1993   1994   1995   1996   1997   1998   1999
                                                                                
44001  0 1    339    327    318    306    293    287    276    269    263    265
44001  0 2    326    316    310    301    284    276    268    262    259    262
44001  1 1    312    328    318    311    296    282    276    265    260    257
44001  1 2    309    320    314    309    297    280    272    267    260    260
44001  2 1    326    339    355    345    332    318    302    298    285    283
44001  2 2    304    312    323    321    311    300    283    275    270    268
44001  3 1    339    345    356    374    360    350    335    319    314    306
44001  3 2    302    309    313    325    316    310    296    281    274    270
44001  4 1    360    371    376    388    404    392    378    364    348    345
44001  4 2    303    312    317    325    333    323    317    304    287    283
44001  5 1    319    321    329    334    342    356    341    333    317    308
44001  5 2    313    317    325    332    334    343    332    327    312    298
44001  6 1    300    313    313    322    323    332    344    331    321    311
44001  6 2    281    291    294    303    306    310    318    308    305    294
44001  7 1    290    289    299    300    306    307    314    328    315    307
44001  7 2    301    300    308    313    319    322    325    335    327    324
44001  8 1    302    304    300    312    310    316    317    326    340    330
44001  8 2    281    281    279    288    289    295    296    301    310    304
44001  9 1    291    305    304    301    310    309    315    316    326    342
44001  9 2    285    300    297    297    304    305    313    316    321    335
44001 10 1    289    289    300    301    296    304    301    308    310    323
44001 10 2    282    282    296    295    291    299    299    307    310    319
44001 11 1    285    298    297    310    307    301    309    308    315    318
44001 11 2    276    285    283    299    294    291    297    296    305    312
44001 12 1    295    306    318    319    330    326    320    328    330    344
44001 12 2    258    267    276    276    287    283    278    285    288    297
44001 13 1    289    297    304    318    314    326    322    316    325    331
44001 13 2    290    300    309    319    316    329    324    319    329    336
44001 14 1    294    312    318    327    340    334    345    344    337    352
44001 14 2    276    295    302    312    318    317    329    326    321    334
44001 15 1    273    267    281    289    293    304    299    311    311    308
44001 15 2    281    271    286    293    303    308    305    319    316    315
44001 16 1    277    279    271    286    291    294    305    300    312    316
44001 16 2    249    253    241    257    260    268    273    271    285    284
44001 17 1    321    305    302    290    301    304    309    318    312    320
44001 17 2    320    304    303    283    296    300    307    312    310    318
44001 18 1    398    319    310    329    322    338    329    340    357    354
44001 18 2    404    322    308    329    318    338    326    337    352    349
44001 19 1    532    447    378    392    399    393    391    402    424    433
44001 19 2    480    397    328    336    341    332    330    340    358    362
44001 20 1    487    473    408    354    347    348    328    344    358    362
44001 20 2    446    433    369    310    300    301    278    294    307    312
44001 21 1    426    442    436    386    316    305    297    294    310    313
44001 21 2    357    371    365    314    251    242    235    225    241    242
44001 22 1    362    384    405    401    339    271    259    259    254    260
44001 22 2    309    327    345    338    283    220    211    211    200    210
44001 23 1    319    324    348    365    356    297    231    225    223    215
44001 23 2    283    290    307    323    313    262    203    197    193    182
44001 24 1    337    336    343    366    378    365    306    241    234    229
44001 24 2    320    318    325    345    362    349    293    228    218    213
44001 25 1    327    314    312    317    336    346    337    282    223    215
44001 25 2    340    324    322    328    349    366    353    295    231    218
44001 26 1    330    315    301    298    303    320    331    320    269    209
44001 26 2    354    338    321    317    324    345    362    347    292    225
44001 27 1    339    333    317    303    301    304    324    333    324    272
44001 27 2    362    358    342    323    320    327    351    363    353    293
44001 28 1    325    311    308    289    276    271    273    291    300    289
44001 28 2    346    334    328    309    293    290    298    316    331    315
44001 29 1    385    381    363    357    336    320    316    318    339    346
44001 29 2    429    422    407    398    376    356    354    360    385    397
44001 30 1    407    400    396    377    367    346    332    327    330    349
44001 30 2    420    416    406    392    381    359    344    340    347    367
44001 31 1    378    379    373    367    349    342    324    312    306    308
44001 31 2    376    377    370    362    347    340    324    307    304    309
44001 32 1    406    399    398    391    386    367    364    341    327    320
44001 32 2    412    403    402    395    388    372    367    346    330    324
44001 33 1    414    417    407    405    400    393    379    372    352    337
44001 33 2    428    429    418    419    414    405    395    385    368    347
44001 34 1    404    425    425    416    417    407    406    385    385    359
44001 34 2    403    420    418    408    411    404    401    385    381    359
44001 35 1    410    405    424    425    418    415    411    408    391    387
44001 35 2    431    429    445    444    434    434    433    425    414    404
44001 36 1    407    419    413    432    434    423    426    419    419    400
44001 36 2    384    391    387    403    403    392    399    392    388    375
44001 37 1    404    423    433    427    446    445    439    438    434    427
44001 37 2    391    409    414    411    429    426    422    426    423    417
44001 38 1    357    360    377    384    377    394    398    386    390    382
44001 38 2    350    354    369    373    369    385    385    377    382    373
44001 39 1    351    373    375    392    402    393    413    412    406    404
44001 39 2    345    366    368    382    388    384    403    400    395    393
44001 40 1    330    328    346    349    364    370    367    383    384    377
44001 40 2    352    350    369    370    384    390    389    403    405    394
44001 41 1    304    304    300    315    319    331    340    335    354    351
44001 41 2    372    373    366    385    387    402    410    405    423    416
44001 42 1    343    338    338    333    351    355    370    377    377    393
44001 42 2    357    354    353    346    365    368    384    388    388    400
44001 43 1    366    331    327    325    318    339    341    355    363    357
44001 43 2    434    400    393    391    386    406    412    427    435    427
44001 44 1    298    418    376    370    365    360    383    384    401    406
44001 44 2    301    421    382    375    372    366    390    388    406    408
44001 45 1    268    262    364    327    322    321    318    334    340    350
44001 45 2    311    302    418    379    373    371    367    385    390    402
44001 46 1    282    278    272    377    339    332    331    328    346    349
44001 46 2    301    298    289    398    362    356    356    350    372    370
44001 47 1    330    306    301    294    404    365    361    359    355    372
44001 47 2    307    288    284    275    378    344    340    339    335    352
44001 48 1    272    317    293    286    280    387    350    343    344    336
44001 48 2    255    296    276    271    264    362    331    326    326    320
44001 49 1    245    263    306    280    275    270    375    336    332    328
44001 49 2    277    295    343    318    312    301    418    378    375    372
44001 50 1    230    239    255    296    272    267    264    363    330    323
44001 50 2    258    268    285    329    306    301    294    403    368    362
44001 51 1    228    226    235    249    290    265    263    255    357    320
44001 51 2    255    250    260    276    319    297    295    286    393    359
44001 52 1    227    227    224    230    245    287    264    260    254    350
44001 52 2    256    257    251    259    275    319    300    293    283    392
44001 53 1    202    213    212    208    213    230    269    246    243    238
44001 53 2    244    254    254    248    256    272    317    295    293    281
44001 54 1    210    206    215    213    210    215    231    269    247    241
44001 54 2    235    232    240    239    234    242    257    300    280    273
44001 55 1    230    224    218    226    224    221    229    244    288    262
44001 55 2    242    234    230    238    236    231    239    255    296    275
44001 56 1    219    227    219    213    221    220    219    225    241    280
44001 56 2    228    238    229    223    231    231    227    234    250    288
44001 57 1    230    224    230    225    219    226    226    223    230    244
44001 57 2    240    230    238    228    224    232    231    227    235    249
44001 58 1    209    204    198    201    196    191    199    198    197    200
44001 58 2    231    224    213    220    211    207    215    215    211    218
44001 59 1    239    221    215    205    210    202    197    206    206    202
44001 59 2    255    236    228    216    223    215    210    219    218    213
44001 60 1    238    227    207    200    191    196    191    185    193    192
44001 60 2    276    263    241    230    218    226    218    213    222    221
44001 61 1    231    224    212    192    187    177    185    179    174    181
44001 61 2    249    237    226    207    195    186    193    185    184    190
44001 62 1    260    247    237    222    204    197    190    194    191    185
44001 62 2    264    249    236    224    204    194    185    189    183    179
44001 63 1    249    254    236    227    215    195    190    183    188    185
44001 63 2    282    276    259    243    230    208    199    188    194    184
44001 64 1    246    244    243    227    217    205    187    181    174    177
44001 64 2    279    273    268    250    235    222    204    194    185    190
44001 65 1    260    252    247    255    242    241    238    226    223    217
44001 65 2    278    270    271    270    260    255    252    240    236    230
44001 66 1    248    245    236    237    239    227    230    230    213    210
44001 66 2    301    300    293    291    288    279    273    271    256    249
44001 67 1    217    220    224    218    214    223    214    213    210    196
44001 67 2    276    280    279    271    273    276    263    263    256    239
44001 68 1    234    225    234    232    225    226    232    221    224    221
44001 68 2    254    249    248    247    244    246    246    239    233    227
44001 69 1    216    219    208    210    215    214    210    223    212    212
44001 69 2    288    292    287    291    289    282    287    294    281    277
44001 70 1    206    220    218    209    216    219    211    217    221    211
44001 70 2    251    264    269    265    263    265    260    264    264    253
44001 71 1    200    205    221    226    215    221    227    225    223    229
44001 71 2    249    252    269    274    269    278    279    275    279    285
44001 72 1    180    185    193    209    208    202    212    212    207    205
44001 72 2    216    218    226    240    244    242    242    248    244    247
44001 73 1    173    181    186    191    206    213    203    212    219    222
44001 73 2    194    199    201    202    216    222    218    227    230    225
44001 74 1    155    161    161    166    173    189    190    187    197    204
44001 74 2    198    201    200    203    210    224    230    229    232    235
44001 75 1    150    152    156    160    167    178    192    202    195    196
44001 75 2    188    190    192    195    201    209    222    230    224    231
44001 76 1    140    146    150    154    156    165    176    191    194    188
44001 76 2    178    184    185    188    190    199    205    220    224    221
44001 77 1    120    124    129    133    137    141    150    158    168    172
44001 77 2    181    183    188    191    192    197    205    212    227    231
44001 78 1    104    111    114    121    124    129    133    143    148    156
44001 78 2    174    182    185    192    193    198    201    211    218    232
44001 79 1     93     98    104    108    113    118    123    128    132    139
44001 79 2    169    172    181    184    188    191    194    200    209    214
44001 80 1     80     85     89     95     97    103    107    111    116    123
44001 80 2    127    131    132    140    141    144    146    152    157    164
44001 81 1     71     74     76     80     86     89     94     99    103    107
44001 81 2    136    139    143    147    153    154    161    167    170    175
44001 82 1     65     68     69     72     76     82     84     92     96    100
44001 82 2    121    123    126    131    132    138    141    149    152    156
44001 83 1     46     50     54     53     56     60     64     68     73     76
44001 83 2    107    112    114    119    123    124    131    136    142    146
44001 84 1     51     54     58     59     61     64     68     75     77     85
44001 84 2     94     96    102    104    107    109    112    120    124    129
44001 85 1    205    213    221    234    244    255    269    287    307    327
44001 85 2    528    546    570    599    626    655    683    706    741    771
44003  0 1   1070   1030   1004    976    930    912    873    858    839    859
44003  0 2   1059   1023   1010    987    932    906    884    864    858    879
44003  1 1   1011   1062   1035   1016    973    925    907    873    860    859
44003  1 2    978   1014    992    986    949    895    867    852    832    844
44003  2 1   1019   1056   1107   1085   1050   1005    956    943    906    911
44003  2 2    999   1020   1057   1045   1023    983    926    907    889    885
44003  3 1   1068   1083   1117   1180   1142   1103   1054   1009    993    972
44003  3 2   1024   1043   1059   1103   1073   1051   1006    954    930    930
44003  4 1   1076   1107   1118   1165   1212   1172   1129   1087   1040   1045
44003  4 2    986   1015   1032   1060   1089   1059   1036    998    947    945
44003  5 1   1052   1055   1081   1104   1130   1179   1138   1104   1058   1036
44003  5 2    981    992   1019   1044   1054   1088   1056   1041    995    966
44003  6 1   1039   1081   1082   1120   1125   1156   1199   1164   1130   1109
44003  6 2    937    970    977   1017   1026   1037   1069   1046   1034   1012
44003  7 1   1021   1012   1053   1063   1082   1088   1116   1164   1131   1114
44003  7 2    978    973   1000   1021   1042   1050   1058   1094   1071   1070
44003  8 1   1016   1017   1005   1054   1048   1070   1072   1106   1153   1146
44003  8 2    906    905    898    936    941    960    964    984   1017   1013
44003  9 1   1056   1102   1097   1097   1129   1126   1141   1151   1188   1257
44003  9 2    972   1019   1015   1017   1041   1044   1063   1075   1097   1153
44003 10 1   1107   1107   1152   1159   1139   1172   1166   1193   1202   1265
44003 10 2   1012   1011   1058   1065   1050   1074   1075   1104   1119   1161
44003 11 1   1016   1064   1058   1112   1102   1082   1108   1112   1140   1167
44003 11 2    978   1015   1013   1070   1060   1042   1066   1074   1104   1144
44003 12 1   1027   1056   1101   1107   1140   1135   1108   1145   1148   1203
44003 12 2    962    994   1024   1030   1073   1061   1041   1073   1082   1133
44003 13 1   1053   1083   1109   1168   1156   1194   1179   1165   1205   1233
44003 13 2   1003   1030   1060   1106   1093   1141   1120   1110   1144   1176
44003 14 1    966   1024   1049   1083   1124   1111   1141   1141   1124   1184
44003 14 2    960   1021   1045   1090   1118   1108   1149   1142   1127   1189
44003 15 1   1025    999   1056   1091   1107   1151   1133   1177   1176   1182
44003 15 2    946    906    963    995   1020   1043   1031   1081   1073   1079
44003 16 1   1020   1027    998   1064   1083   1101   1139   1129   1173   1199
44003 16 2    912    921    881    945    962    984   1008   1008   1057   1070
44003 17 1   1083   1028   1015    977   1017   1030   1044   1078   1066   1100
44003 17 2    996    937    936    881    925    935    955    968    968   1004
44003 18 1    944    712    671    643    617    646    667    677    710    700
44003 18 2    915    683    635    610    569    604    621    638    655    651
44003 19 1   1077    866    631    576    563    540    575    590    599    635
44003 19 2   1028    815    577    521    504    473    509    521    533    560
44003 20 1   1092   1052    857    632    595    580    570    609    619    639
44003 20 2   1093   1053    847    615    573    564    535    579    588    611
44003 21 1    957    999    979    802    607    578    572    555    580    596
44003 21 2    996   1045   1018    832    633    597    595    557    595    607
44003 22 1    979   1046   1101   1071    889    679    657    654    633    660
44003 22 2   1074   1138   1199   1169    969    749    715    709    667    715
44003 23 1   1085   1106   1192   1244   1204    998    778    753    745    726
44003 23 2   1095   1121   1193   1255   1219   1014    792    758    750    709
44003 24 1   1164   1158   1185   1263   1310   1258   1054    818    797    784
44003 24 2   1145   1138   1168   1239   1303   1260   1054    820    789    782
44003 25 1   1204   1154   1150   1170   1246   1281   1243   1042    814    789
44003 25 2   1213   1156   1148   1175   1252   1307   1268   1055    822    791
44003 26 1   1235   1174   1127   1121   1140   1208   1252   1211   1019    795
44003 26 2   1300   1243   1181   1172   1202   1275   1339   1296   1088    844
44003 27 1   1288   1270   1211   1163   1151   1166   1249   1289   1253   1061
44003 27 2   1426   1405   1341   1276   1269   1300   1389   1452   1419   1183
44003 28 1   1266   1209   1192   1131   1080   1064   1077   1149   1188   1158
44003 28 2   1399   1352   1328   1264   1197   1185   1221   1294   1361   1318
44003 29 1   1373   1356   1296   1279   1203   1147   1132   1146   1227   1268
44003 29 2   1471   1447   1394   1372   1297   1228   1224   1247   1335   1396
44003 30 1   1403   1376   1360   1302   1278   1201   1158   1140   1155   1237
44003 30 2   1459   1438   1413   1366   1333   1259   1204   1189   1222   1310
44003 31 1   1411   1410   1384   1372   1306   1278   1210   1160   1142   1164
44003 31 2   1412   1414   1393   1372   1320   1288   1222   1161   1157   1187
44003 32 1   1438   1407   1406   1383   1368   1300   1286   1211   1166   1151
44003 32 2   1469   1436   1438   1424   1400   1345   1323   1255   1200   1196
44003 33 1   1401   1403   1375   1377   1362   1338   1285   1267   1199   1157
44003 33 2   1505   1503   1470   1475   1462   1434   1392   1365   1304   1242
44003 34 1   1435   1495   1505   1475   1482   1454   1447   1386   1376   1304
44003 34 2   1438   1491   1491   1465   1477   1455   1444   1397   1384   1318
44003 35 1   1454   1433   1502   1513   1485   1485   1469   1461   1412   1402
44003 35 2   1433   1421   1476   1480   1453   1458   1453   1429   1395   1378
44003 36 1   1369   1401   1386   1452   1458   1426   1436   1417   1419   1365
44003 36 2   1441   1464   1453   1510   1512   1485   1500   1486   1474   1432
44003 37 1   1314   1376   1407   1395   1459   1457   1436   1439   1431   1430
44003 37 2   1389   1441   1466   1462   1519   1517   1497   1506   1502   1486
44003 38 1   1207   1215   1271   1306   1290   1343   1351   1323   1331   1323
44003 38 2   1294   1305   1356   1382   1374   1422   1431   1405   1421   1410
44003 39 1   1272   1346   1358   1426   1456   1433   1508   1505   1489   1497
44003 39 2   1287   1361   1373   1427   1454   1443   1502   1504   1488   1500
44003 40 1   1262   1245   1317   1332   1393   1420   1409   1472   1485   1461
44003 40 2   1307   1291   1362   1378   1430   1454   1449   1508   1519   1493
44003 41 1   1259   1259   1244   1316   1330   1384   1422   1403   1479   1483
44003 41 2   1276   1275   1256   1327   1339   1388   1420   1408   1474   1480
44003 42 1   1229   1214   1210   1195   1262   1274   1333   1362   1350   1423
44003 42 2   1291   1275   1270   1252   1325   1332   1390   1412   1413   1472
44003 43 1   1381   1253   1235   1234   1218   1285   1303   1356   1395   1384
44003 43 2   1445   1318   1299   1296   1278   1348   1361   1414   1446   1443
44003 44 1   1039   1447   1309   1292   1288   1266   1344   1355   1421   1457
44003 44 2   1016   1402   1281   1268   1264   1247   1321   1334   1395   1425
44003 45 1    965    937   1312   1181   1164   1154   1142   1209   1226   1283
44003 45 2   1057   1023   1419   1296   1278   1269   1259   1326   1342   1402
44003 46 1   1012    999    974   1353   1220   1200   1199   1181   1256   1271
44003 46 2   1022   1010    977   1354   1234   1214   1215   1199   1273   1286
44003 47 1   1055    973    959    938   1299   1171   1154   1153   1142   1212
44003 47 2   1145   1073   1056   1025   1416   1289   1275   1271   1262   1338
44003 48 1    841    984    906    891    870   1207   1093   1075   1076   1067
44003 48 2    917   1066    995    980    947   1315   1200   1180   1186   1175
44003 49 1    824    885   1033    949    935    915   1274   1148   1135   1137
44003 49 2    847    902   1045    976    965    932   1289   1175   1166   1171
44003 50 1    814    839    899   1049    969    950    937   1292   1173   1161
44003 50 2    818    851    905   1050    977    964    934   1291   1183   1174
44003 51 1    768    759    782    839    976    899    888    868   1210   1095
44003 51 2    786    770    800    850    986    917    906    875   1221   1116
44003 52 1    766    764    755    778    830    968    895    881    866   1205
44003 52 2    794    795    779    807    860    996    931    915    886   1242
44003 53 1    679    710    707    700    718    767    899    827    819    804
44003 53 2    725    756    758    740    769    816    950    885    878    853
44003 54 1    707    693    722    722    711    731    783    916    847    837
44003 54 2    767    753    782    784    766    794    847    984    921    909
44003 55 1    712    692    676    707    699    691    713    763    900    829
44003 55 2    762    743    726    755    752    736    766    812    951    891
44003 56 1    698    720    698    682    710    705    699    718    772    911
44003 56 2    746    776    750    734    763    760    749    773    827    969
44003 57 1    694    670    689    668    651    676    676    668    690    744
44003 57 2    747    713    742    717    699    727    727    716    744    795
44003 58 1    675    658    632    650    625    609    640    635    631    651
44003 58 2    705    679    649    672    647    631    659    655    647    673
44003 59 1    732    671    652    626    642    621    607    632    635    628
44003 59 2    803    738    710    677    700    674    660    685    688    677
44003 60 1    723    683    623    606    580    594    578    560    587    586
44003 60 2    854    814    748    718    682    702    678    665    696    696
44003 61 1    685    658    621    567    552    526    542    524    512    537
44003 61 2    832    790    752    690    659    625    648    621    614    641
44003 62 1    789    745    712    674    616    595    571    587    572    560
44003 62 2    883    831    789    750    686    653    624    641    619    612
44003 63 1    744    746    702    674    634    574    559    534    551    536
44003 63 2    917    900    844    798    756    686    657    624    647    623
44003 64 1    734    718    719    678    647    608    552    536    514    531
44003 64 2    899    879    861    808    762    720    658    627    597    619
44003 65 1    774    751    746    756    721    703    689    643    626    601
44003 65 2    923    891    901    889    850    831    808    753    727    702
44003 66 1    741    734    706    703    712    668    668    653    600    581
44003 66 2    882    878    864    852    843    805    786    765    716    692
44003 67 1    694    702    724    697    689    707    670    648    637    593
44003 67 2    875    891    887    853    859    854    811    790    761    700
44003 68 1    698    675    703    691    662    662    671    624    623    611
44003 68 2    907    886    888    880    861    852    841    800    768    740
44003 69 1    707    721    686    688    707    692    675    696    657    648
44003 69 2    888    901    883    893    887    853    853    846    803    774
44003 70 1    601    647    644    616    638    641    610    612    614    585
44003 70 2    765    806    825    803    797    794    773    766    755    715
44003 71 1    598    616    665    675    642    651    665    641    634    640
44003 71 2    753    763    819    829    807    821    809    785    789    795
44003 72 1    563    577    605    651    646    627    647    637    611    603
44003 72 2    726    735    765    804    818    802    795    792    772    776
44003 73 1    489    506    525    540    580    592    562    569    585    588
44003 73 2    688    707    716    716    769    777    755    771    768    743
44003 74 1    424    442    450    461    481    517    515    495    515    528
44003 74 2    712    724    726    729    754    795    806    789    788    786
44003 75 1    411    420    434    444    464    487    518    529    507    508
44003 75 2    630    636    645    655    672    692    725    731    711    717
44003 76 1    383    401    412    424    433    456    473    508    510    489
44003 76 2    641    659    667    671    679    704    713    749    760    738
44003 77 1    337    349    369    379    391    403    416    436    458    459
44003 77 2    562    568    590    589    593    606    618    630    663    673
44003 78 1    292    310    323    339    346    358    364    381    390    412
44003 78 2    575    606    614    627    629    637    640    656    667    704
44003 79 1    254    267    286    298    312    323    329    336    345    356
44003 79 2    515    527    558    562    575    581    580    587    600    615
44003 80 1    226    236    252    264    275    288    289    304    313    328
44003 80 2    454    465    474    500    504    508    513    521    532    552
44003 81 1    217    226    235    245    264    269    284    292    299    308
44003 81 2    442    454    467    474    495    494    506    512    521    531
44003 82 1    195    207    217    221    236    247    256    273    280    286
44003 82 2    417    422    434    447    454    469    475    490    497    503
44003 83 1    146    157    166    170    176    186    197    207    219    224
44003 83 2    359    380    384    396    404    407    426    435    447    452
44003 84 1    120    128    145    144    149    150    160    174    183    190
44003 84 2    318    327    346    350    359    362    374    392    401    413
44003 85 1    570    588    618    650    680    705    740    768    812    858
44003 85 2   1776   1849   1935   2007   2084   2174   2253   2295   2386   2474
44005  0 1    628    614    589    565    531    512    494    489    478    489
44005  0 2    629    612    598    575    541    519    506    495    490    501
44005  1 1    609    640    623    602    576    539    526    512    502    505
44005  1 2    602    629    611    598    573    534    518    513    498    504
44005  2 1    575    598    618    602    578    552    524    515    499    500
44005  2 2    575    592    612    593    583    554    521    514    498    496
44005  3 1    568    583    593    614    595    569    550    527    510    505
44005  3 2    526    539    546    562    545    527    510    482    468    466
44005  4 1    587    606    608    621    641    621    600    584    551    550
44005  4 2    526    546    551    559    574    554    545    529    497    495
44005  5 1    604    610    622    623    634    649    639    620    593    573
44005  5 2    552    560    571    582    586    598    583    577    553    535
44005  6 1    558    590    587    593    592    602    622    615    587    582
44005  6 2    509    529    530    539    543    544    562    551    542    531
44005  7 1    582    580    597    592    602    597    613    637    618    604
44005  7 2    525    523    535    536    543    542    549    572    559    557
44005  8 1    539    543    533    549    544    549    552    573    589    593
44005  8 2    510    514    502    515    514    517    522    534    550    547
44005  9 1    565    592    582    575    589    579    591    599    615    647
44005  9 2    577    606    598    590    600    597    607    618    629    659
44005 10 1    563    567    583    575    563    573    571    588    588    620
44005 10 2    552    557    575    571    559    565    570    585    592    615
44005 11 1    545    573    566    583    574    559    576    578    591    606
44005 11 2    518    543    537    558    549    534    547    557    564    583
44005 12 1    545    567    585    581    598    582    575    595    597    623
44005 12 2    505    524    538    537    550    540    532    552    552    577
44005 13 1    503    521    528    546    540    550    546    541    556    568
44005 13 2    516    531    541    560    557    567    566    562    576    591
44005 14 1    488    519    530    538    554    541    562    560    554    581
44005 14 2    525    560    567    581    596    586    608    607    598    627
44005 15 1    519    507    531    542    549    561    559    581    573    579
44005 15 2    470    456    479    485    495    502    501    521    520    524
44005 16 1    545    550    526    551    559    563    582    582    598    609
44005 16 2    472    476    456    481    485    491    507    510    526    538
44005 17 1    540    519    509    476    491    491    502    518    509    523
44005 17 2    511    488    480    451    471    467    480    492    487    507
44005 18 1    660    493    432    399    350    358    373    390    393    388
44005 18 2    620    472    454    442    417    425    453    492    498    495
44005 19 1    813    660    470    418    348    324    348    366    355    371
44005 19 2    679    545    431    402    395    367    409    446    449    460
44005 20 1    907    889    670    496    399    384    371    400    384    398
44005 20 2    733    711    584    447    419    405    408    450    451    462
44005 21 1    826    873    777    613    414    387    384    376    375    384
44005 21 2    723    762    738    599    464    432    440    433    452    458
44005 22 1    905    973    921    860    639    496    476    475    438    458
44005 22 2    666    710    733    706    578    448    432    435    415    437
44005 23 1    877    911    878    870    784    642    514    500    474    458
44005 23 2    636    656    681    706    683    561    447    431    425    408
44005 24 1    837    840    798    808    784    752    630    502    471    464
44005 24 2    636    636    640    667    691    667    561    446    425    422
44005 25 1    822    791    741    729    728    743    726    614    475    458
44005 25 2    643    618    605    607    636    657    649    540    429    408
44005 26 1    845    813    736    708    684    710    740    724    598    474
44005 26 2    724    690    653    638    642    674    711    700    584    457
44005 27 1    834    828    757    701    672    672    713    743    724    604
44005 27 2    709    701    661    623    610    616    661    695    682    565
44005 28 1    791    769    725    669    613    596    609    645    663    650
44005 28 2    668    646    627    588    554    542    558    592    619    608
44005 29 1    836    835    771    733    668    625    623    631    663    686
44005 29 2    736    733    695    671    629    595    591    603    640    672
44005 30 1    811    806    766    714    670    626    597    595    597    632
44005 30 2    749    743    721    686    665    620    594    591    603    640
44005 31 1    824    834    792    765    707    683    651    624    612    626
44005 31 2    747    752    731    711    679    655    622    598    592    604
44005 32 1    817    808    786    750    717    676    668    636    604    601
44005 32 2    803    790    782    757    740    702    693    659    628    626
44005 33 1    861    880    831    812    766    747    719    708    664    639
44005 33 2    802    807    782    773    753    735    709    702    660    637
44005 34 1    802    845    825    787    766    737    739    711    692    660
44005 34 2    747    783    777    749    747    728    723    702    692    658
44005 35 1    795    797    803    784    737    732    722    721    684    678
44005 35 2    768    767    790    781    760    755    749    744    720    708
44005 36 1    755    781    753    761    741    714    721    713    703    681
44005 36 2    732    753    741    758    754    730    741    733    726    700
44005 37 1    752    791    792    767    777    772    761    768    752    749
44005 37 2    737    771    778    761    785    778    769    776    767    758
44005 38 1    661    675    687    688    658    675    685    674    674    664
44005 38 2    706    721    737    743    734    749    758    747    749    741
44005 39 1    720    768    758    776    775    751    790    799    778    783
44005 39 2    733    781    780    797    805    788    828    834    813    820
44005 40 1    744    743    766    759    776    783    776    817    816    802
44005 40 2    728    727    757    756    779    782    783    820    821    808
44005 41 1    715    719    698    719    713    731    754    745    779    781
44005 41 2    681    682    669    695    699    712    733    731    762    763
44005 42 1    742    738    723    701    725    722    758    779    763    801
44005 42 2    715    714    704    685    719    717    750    766    758    790
44005 43 1    769    704    683    669    653    678    687    720    733    724
44005 43 2    724    668    651    638    631    653    665    693    708    703
44005 44 1    594    832    741    720    709    690    735    743    774    791
44005 44 2    555    778    702    682    673    655    697    705    732    747
44005 45 1    545    535    731    650    631    617    615    650    656    685
44005 45 2    558    543    746    670    658    644    644    681    687    714
44005 46 1    518    514    494    673    601    584    589    583    614    620
44005 46 2    521    518    496    676    612    595    597    594    625    633
44005 47 1    569    528    515    490    676    601    597    597    589    625
44005 47 2    529    497    487    465    635    573    570    570    563    594
44005 48 1    436    513    471    459    440    599    548    540    542    538
44005 48 2    448    525    486    471    454    619    566    562    561    557
44005 49 1    431    465    536    487    476    460    638    580    570    573
44005 49 2    447    479    550    504    496    471    658    602    593    592
44005 50 1    402    416    439    503    461    449    439    608    549    544
44005 50 2    389    401    423    485    451    438    425    591    539    533
44005 51 1    400    396    402    422    490    448    444    430    598    540
44005 51 2    382    380    387    404    466    430    427    413    569    522
44005 52 1    384    386    377    380    402    462    435    431    418    574
44005 52 2    391    395    386    392    413    473    444    441    428    588
44005 53 1    355    373    367    357    361    380    447    416    411    399
44005 53 2    381    400    397    383    392    412    481    450    444    433
44005 54 1    347    343    350    342    338    339    364    425    398    395
44005 54 2    371    365    379    372    366    368    396    459    431    430
44005 55 1    324    317    307    314    314    305    315    335    392    366
44005 55 2    369    359    347    360    356    348    358    382    443    416
44005 56 1    322    333    323    308    319    310    310    319    344    405
44005 56 2    353    368    352    339    353    345    344    353    377    438
44005 57 1    333    320    328    312    303    312    314    309    318    343
44005 57 2    367    357    362    348    339    347    349    344    354    380
44005 58 1    320    313    297    301    291    280    295    294    291    298
44005 58 2    354    345    328    332    318    306    322    321    317    326
44005 59 1    380    352    338    319    328    312    309    322    320    317
44005 59 2    398    366    349    330    338    324    321    332    332    329
44005 60 1    373    353    324    309    296    299    290    286    300    300
44005 60 2    390    374    341    322    306    313    305    298    311    310
44005 61 1    359    349    324    292    281    266    275    266    261    272
44005 61 2    365    349    329    299    283    266    276    266    261    274
44005 62 1    381    359    346    318    290    277    267    277    266    262
44005 62 2    415    393    368    344    312    294    285    293    283    277
44005 63 1    345    344    322    305    284    255    249    237    247    238
44005 63 2    410    408    377    353    334    302    292    280    288    281
44005 64 1    338    336    330    306    293    269    248    239    228    237
44005 64 2    400    394    382    352    333    310    288    274    262    270
44005 65 1    319    305    299    305    291    286    280    262    256    250
44005 65 2    399    381    382    380    359    353    347    323    315    311
44005 66 1    307    302    286    288    291    273    276    268    253    247
44005 66 2    376    371    363    359    356    340    333    326    310    305
44005 67 1    297    297    305    293    291    296    284    277    274    261
44005 67 2    380    382    377    365    368    368    350    342    335    312
44005 68 1    294    282    294    288    276    279    283    264    273    269
44005 68 2    410    399    396    393    385    383    380    361    357    349
44005 69 1    326    326    310    312    320    314    310    317    305    307
44005 69 2    387    386    377    380    378    366    366    366    348    345
44005 70 1    274    291    286    277    287    288    274    277    282    272
44005 70 2    356    371    376    369    366    362    355    354    355    339
44005 71 1    276    280    299    305    290    296    304    292    295    298
44005 71 2    355    355    377    383    374    382    379    366    372    383
44005 72 1    274    278    290    312    307    300    311    308    296    301
44005 72 2    350    349    361    380    386    380    379    376    372    379
44005 73 1    250    257    265    269    293    299    284    287    300    304
44005 73 2    343    348    348    349    373    379    370    375    378    371
44005 74 1    214    219    221    225    237    256    255    246    258    269
44005 74 2    308    310    306    310    319    336    341    335    338    343
44005 75 1    190    191    195    200    208    220    235    239    232    236
44005 75 2    301    298    302    307    313    322    339    343    338    345
44005 76 1    170    176    180    185    190    200    208    227    228    222
44005 76 2    270    279    280    282    291    295    303    322    328    327
44005 77 1    150    153    160    164    168    174    181    189    204    206
44005 77 2    301    303    309    309    312    318    325    331    352    362
44005 78 1    148    156    159    169    169    177    183    193    198    214
44005 78 2    262    274    275    283    284    288    291    296    308    328
44005 79 1    117    122    129    133    140    143    147    152    159    164
44005 79 2    255    256    270    274    280    281    283    285    295    307
44005 80 1    123    128    133    140    146    153    156    161    169    180
44005 80 2    204    207    208    220    221    225    228    230    239    249
44005 81 1    116    121    125    131    140    143    149    156    165    168
44005 81 2    217    219    225    229    240    239    250    249    257    270
44005 82 1     91     94     96     98    103    109    113    121    125    131
44005 82 2    211    213    216    224    227    238    243    249    251    260
44005 83 1     68     73     74     75     79     83     88     93     98    103
44005 83 2    183    186    193    197    205    201    214    217    231    234
44005 84 1     62     65     68     72     75     77     82     87     92     97
44005 84 2    168    172    179    183    188    193    197    208    212    225
44005 85 1    292    299    308    325    337    352    373    387    417    444
44005 85 2    892    919    958    995   1028   1079   1120   1140   1191   1239
44007  0 1   4689   4573   4500   4383   4136   3973   3888   3816   3848   3933
44007  0 2   4484   4373   4281   4129   3929   3798   3684   3635   3632   3714
44007  1 1   4389   4577   4513   4477   4315   4088   3904   3873   3785   3889
44007  1 2   4122   4332   4269   4212   4019   3841   3694   3622   3564   3632
44007  2 1   4291   4366   4542   4522   4440   4290   4035   3902   3858   3843
44007  2 2   3958   4054   4236   4206   4109   3936   3737   3631   3558   3570
44007  3 1   4102   4188   4250   4460   4400   4328   4160   3958   3816   3849
44007  3 2   3833   3907   3994   4218   4151   4066   3873   3723   3607   3604
44007  4 1   4005   4091   4169   4269   4434   4385   4298   4173   3961   3886
44007  4 2   3785   3874   3934   4057   4237   4187   4072   3925   3761   3710
44007  5 1   3925   3963   4035   4151   4203   4381   4305   4267   4105   3997
44007  5 2   3697   3705   3779   3871   3950   4140   4071   4000   3823   3758
44007  6 1   3827   3943   3969   4085   4158   4216   4376   4352   4310   4239
44007  6 2   3571   3702   3691   3803   3855   3944   4108   4081   3991   3912
44007  7 1   3830   3751   3853   3920   3981   4068   4099   4305   4275   4276
44007  7 2   3691   3610   3736   3761   3830   3900   3970   4183   4139   4103
44007  8 1   3729   3706   3614   3755   3769   3838   3897   3974   4161   4187
44007  8 2   3518   3499   3411   3562   3541   3621   3672   3772   3965   3993
44007  9 1   3824   3954   3922   3861   3963   3992   4049   4162   4226   4506
44007  9 2   3549   3662   3630   3573   3687   3685   3742   3840   3930   4208
44007 10 1   3731   3734   3850   3860   3753   3869   3874   3970   4076   4210
44007 10 2   3683   3686   3788   3798   3692   3820   3796   3900   3983   4154
44007 11 1   3537   3659   3656   3809   3765   3678   3769   3821   3899   4082
44007 11 2   3470   3615   3608   3741   3704   3617   3721   3739   3831   3984
44007 12 1   3346   3458   3568   3595   3700   3674   3568   3708   3739   3885
44007 12 2   3382   3478   3616   3642   3733   3707   3600   3745   3754   3918
44007 13 1   3335   3397   3504   3651   3637   3747   3697   3639   3762   3868
44007 13 2   3206   3265   3347   3511   3495   3590   3549   3487   3616   3694
44007 14 1   3229   3400   3451   3601   3695   3700   3792   3785   3713   3919
44007 14 2   3030   3177   3228   3339   3461   3453   3523   3527   3459   3655
44007 15 1   3400   3298   3456   3551   3650   3762   3740   3878   3861   3867
44007 15 2   3301   3240   3381   3475   3545   3694   3661   3787   3772   3783
44007 16 1   3471   3478   3359   3567   3606   3724   3811   3841   3968   4019
44007 16 2   3343   3323   3243   3422   3469   3553   3669   3681   3790   3854
44007 17 1   3816   3608   3569   3424   3566   3587   3687   3769   3769   3862
44007 17 2   3620   3426   3355   3258   3371   3398   3466   3585   3563   3640
44007 18 1   4631   3708   3545   3536   3409   3570   3623   3715   3816   3796
44007 18 2   4452   3531   3343   3293   3182   3324   3378   3432   3550   3517
44007 19 1   5839   4914   3967   3782   3782   3661   3838   3896   4007   4113
44007 19 2   5893   4904   3867   3674   3612   3529   3689   3724   3808   3938
44007 20 1   5857   5789   4911   3946   3788   3781   3665   3845   3929   4029
44007 20 2   6006   5964   4934   3941   3734   3709   3623   3764   3835   3919
44007 21 1   5553   5792   5760   4827   3921   3723   3720   3611   3811   3869
44007 21 2   5678   5951   5861   4870   3897   3705   3684   3605   3765   3817
44007 22 1   5210   5440   5721   5619   4762   3830   3638   3642   3558   3729
44007 22 2   4993   5264   5468   5396   4487   3597   3428   3405   3357   3468
44007 23 1   4851   4951   5208   5410   5346   4476   3611   3435   3458   3346
44007 23 2   5010   5115   5359   5567   5505   4568   3685   3494   3495   3408
44007 24 1   4991   4905   5031   5236   5464   5360   4499   3638   3458   3455
44007 24 2   5061   4990   5067   5307   5516   5442   4545   3655   3480   3444
44007 25 1   5194   4927   4856   4949   5166   5367   5286   4439   3592   3397
44007 25 2   5118   4886   4799   4882   5110   5307   5269   4398   3556   3352
44007 26 1   5307   5051   4803   4709   4817   5019   5240   5163   4346   3504
44007 26 2   5269   5032   4795   4726   4810   5035   5260   5218   4365   3527
44007 27 1   5350   5227   4984   4722   4648   4754   4978   5215   5143   4312
44007 27 2   5191   5075   4838   4627   4569   4653   4901   5119   5094   4258
44007 28 1   5004   4828   4699   4463   4238   4158   4276   4462   4673   4569
44007 28 2   5213   5020   4880   4653   4456   4381   4475   4699   4907   4852
44007 29 1   5616   5531   5332   5169   4930   4664   4607   4730   4946   5150
44007 29 2   5642   5553   5326   5181   4958   4731   4674   4780   5012   5204
44007 30 1   5403   5270   5184   4978   4846   4605   4374   4318   4451   4627
44007 30 2   5524   5386   5290   5067   4952   4732   4537   4480   4589   4781
44007 31 1   5125   5134   5009   4912   4745   4604   4408   4192   4165   4268
44007 31 2   5302   5279   5140   5047   4864   4747   4566   4377   4338   4426
44007 32 1   5099   4965   4979   4847   4782   4612   4505   4327   4137   4096
44007 32 2   5312   5184   5153   5026   4956   4778   4693   4510   4355   4297
44007 33 1   4995   4971   4852   4866   4753   4700   4560   4467   4319   4117
44007 33 2   5106   5097   4968   4949   4841   4786   4641   4559   4414   4253
44007 34 1   5003   5193   5175   5051   5075   4971   4931   4805   4724   4555
44007 34 2   5133   5295   5279   5163   5148   5054   5021   4871   4809   4642
44007 35 1   4845   4806   4988   4971   4870   4898   4821   4789   4687   4587
44007 35 2   4972   4936   5080   5075   4975   4972   4898   4874   4750   4678
44007 36 1   4564   4665   4620   4791   4794   4689   4744   4675   4660   4536
44007 36 2   4706   4795   4747   4893   4905   4807   4823   4757   4756   4622
44007 37 1   4383   4520   4615   4566   4745   4743   4663   4724   4666   4636
44007 37 2   4495   4642   4712   4667   4818   4829   4755   4767   4722   4697
44007 38 1   4022   4090   4208   4284   4260   4418   4432   4366   4434   4360
44007 38 2   4122   4186   4311   4379   4343   4489   4512   4439   4472   4416
44007 39 1   4240   4421   4487   4603   4708   4677   4860   4892   4824   4881
44007 39 2   4390   4557   4616   4758   4843   4802   4979   4996   4940   4957
44007 40 1   4163   4138   4306   4359   4488   4583   4565   4742   4785   4703
44007 40 2   4095   4079   4225   4281   4421   4498   4481   4629   4670   4599
44007 41 1   3951   3955   3923   4077   4134   4251   4359   4342   4521   4547
44007 41 2   3946   3924   3909   4046   4112   4239   4326   4304   4463   4494
44007 42 1   3896   3822   3820   3786   3943   3988   4121   4226   4226   4378
44007 42 2   3982   3908   3883   3867   4005   4067   4208   4290   4279   4425
44007 43 1   4045   3694   3619   3612   3585   3713   3787   3904   4025   4001
44007 43 2   4248   3898   3826   3804   3787   3922   4003   4134   4230   4203
44007 44 1   3067   4169   3812   3728   3734   3704   3853   3923   4066   4171
44007 44 2   3252   4371   4002   3925   3911   3893   4048   4121   4271   4357
44007 45 1   3080   2975   4031   3690   3615   3620   3604   3747   3826   3949
44007 45 2   3209   3122   4173   3831   3763   3748   3745   3891   3983   4109
44007 46 1   2894   2853   2743   3721   3414   3343   3356   3335   3485   3548
44007 46 2   3148   3101   3007   4029   3702   3639   3634   3623   3779   3850
44007 47 1   3082   2872   2827   2722   3692   3391   3337   3344   3345   3479
44007 47 2   3390   3148   3099   3010   4032   3708   3662   3651   3663   3803
44007 48 1   2530   2921   2711   2671   2574   3498   3215   3159   3175   3157
44007 48 2   2781   3207   2972   2929   2850   3816   3527   3473   3475   3469
44007 49 1   2643   2784   3207   2986   2946   2832   3862   3553   3507   3511
44007 49 2   2894   3071   3528   3282   3234   3148   4234   3900   3861   3845
44007 50 1   2521   2572   2708   3125   2909   2869   2772   3784   3491   3428
44007 50 2   2664   2711   2868   3305   3071   3024   2957   3974   3674   3620
44007 51 1   2386   2334   2378   2506   2894   2692   2664   2580   3525   3244
44007 51 2   2603   2555   2596   2752   3173   2948   2920   2853   3844   3542
44007 52 1   2279   2265   2210   2256   2387   2752   2569   2539   2468   3368
44007 52 2   2610   2588   2536   2584   2738   3155   2944   2914   2863   3836
44007 53 1   2205   2267   2251   2194   2248   2372   2752   2565   2548   2462
44007 53 2   2563   2637   2609   2562   2612   2768   3204   2983   2964   2897
44007 54 1   2279   2218   2282   2265   2213   2261   2401   2778   2602   2572
44007 54 2   2633   2552   2624   2602   2552   2602   2772   3200   2996   2968
44007 55 1   2275   2195   2135   2199   2190   2136   2193   2327   2698   2522
44007 55 2   2542   2467   2392   2458   2445   2395   2452   2612   3025   2822
44007 56 1   2199   2260   2175   2122   2188   2180   2133   2190   2331   2695
44007 56 2   2495   2554   2475   2404   2477   2457   2420   2473   2647   3056
44007 57 1   2258   2166   2220   2143   2090   2157   2155   2109   2173   2307
44007 57 2   2637   2516   2573   2500   2428   2497   2493   2448   2518   2679
44007 58 1   2172   2081   1992   2047   1977   1928   1992   1991   1953   2011
44007 58 2   2498   2389   2273   2327   2266   2199   2273   2267   2235   2287
44007 59 1   2379   2186   2088   2004   2061   1992   1949   2015   2015   1978
44007 59 2   2928   2682   2559   2442   2500   2429   2366   2445   2444   2403
44007 60 1   2407   2252   2061   1972   1894   1946   1885   1843   1912   1907
44007 60 2   2971   2808   2564   2448   2338   2390   2336   2270   2348   2341
44007 61 1   2545   2434   2272   2082   1989   1911   1966   1904   1867   1932
44007 61 2   3038   2872   2705   2467   2363   2253   2311   2255   2193   2262
44007 62 1   2560   2393   2282   2128   1947   1862   1792   1836   1784   1744
44007 62 2   3085   2872   2709   2553   2336   2232   2130   2185   2139   2074
44007 63 1   2581   2553   2383   2273   2115   1943   1858   1787   1840   1783
44007 63 2   3107   3043   2829   2666   2511   2296   2196   2095   2151   2104
44007 64 1   2641   2576   2542   2374   2266   2110   1937   1850   1788   1835
44007 64 2   3288   3179   3109   2890   2722   2564   2345   2243   2148   2198
44007 65 1   2605   2478   2413   2410   2280   2193   2115   1977   1879   1816
44007 65 2   3326   3163   3137   3089   2891   2800   2707   2483   2386   2300
44007 66 1   2537   2484   2342   2314   2297   2134   2122   2026   1878   1785
44007 66 2   3240   3160   3055   2980   2921   2742   2660   2540   2363   2263
44007 67 1   2470   2457   2491   2361   2300   2301   2188   2083   2004   1890
44007 67 2   3201   3191   3119   2972   2949   2901   2725   2624   2509   2299
44007 68 1   2394   2289   2333   2278   2143   2123   2111   1942   1927   1853
44007 68 2   3135   3021   2966   2899   2803   2732   2682   2506   2408   2295
44007 69 1   2330   2322   2182   2161   2187   2100   2049   2046   1937   1888
44007 69 2   3134   3102   2997   3001   2919   2778   2755   2707   2539   2450
44007 70 1   2183   2303   2240   2134   2178   2149   2023   2005   1991   1876
44007 70 2   2998   3097   3095   2987   2933   2860   2763   2689   2637   2467
44007 71 1   1970   1979   2109   2117   1990   1988   2018   1906   1872   1860
44007 71 2   2949   2930   3087   3073   2956   2963   2893   2758   2741   2742
44007 72 1   1896   1909   1966   2090   2032   1955   1997   1943   1845   1809
44007 72 2   2885   2863   2924   3041   3030   2938   2881   2818   2730   2713
44007 73 1   1751   1790   1815   1835   1963   1958   1860   1843   1883   1868
44007 73 2   2771   2793   2762   2746   2881   2862   2771   2773   2734   2625
44007 74 1   1668   1701   1689   1713   1775   1879   1839   1760   1811   1847
44007 74 2   2598   2596   2555   2527   2579   2669   2674   2586   2567   2523
44007 75 1   1596   1599   1617   1645   1686   1741   1856   1850   1766   1760
44007 75 2   2564   2533   2529   2542   2551   2589   2692   2663   2573   2570
44007 76 1   1475   1518   1530   1555   1564   1624   1669   1768   1743   1668
44007 76 2   2446   2473   2449   2440   2438   2466   2488   2566   2567   2475
44007 77 1   1376   1387   1438   1462   1465   1491   1536   1576   1657   1635
44007 77 2   2467   2458   2494   2467   2446   2464   2477   2480   2592   2589
44007 78 1   1283   1327   1354   1409   1421   1443   1456   1491   1516   1593
44007 78 2   2251   2336   2334   2364   2320   2315   2322   2315   2345   2445
44007 79 1   1145   1181   1232   1263   1297   1321   1332   1342   1364   1381
44007 79 2   2153   2156   2243   2235   2250   2227   2212   2200   2217   2243
44007 80 1    963    986   1025   1057   1088   1113   1125   1153   1173   1216
44007 80 2   1976   1988   1988   2078   2055   2055   2045   2044   2079   2118
44007 81 1    821    848    867    890    931    945    973   1000   1016   1034
44007 81 2   1847   1857   1877   1898   1955   1920   1962   1941   1959   1989
44007 82 1    777    794    816    827    866    895    910    956    974    993
44007 82 2   1761   1757   1775   1814   1803   1848   1855   1886   1886   1896
44007 83 1    652    684    698    711    731    753    784    810    846    862
44007 83 2   1615   1660   1660   1694   1699   1687   1765   1763   1805   1805
44007 84 1    589    614    636    651    673    684    707    747    769    803
44007 84 2   1455   1470   1511   1533   1537   1541   1554   1619   1630   1668
44007 85 1   2569   2603   2680   2786   2867   2948   3083   3163   3325   3486
44007 85 2   7694   7892   8137   8367   8541   8805   9043   9128   9396   9627
44009  0 1    823    809    792    781    756    759    738    736    734    758
44009  0 2    745    737    732    723    691    688    681    677    683    705
44009  1 1    773    820    812    798    780    759    750    734    732    741
44009  1 2    714    745    742    745    729    701    689    689    684    700
44009  2 1    740    775    816    816    799    786    756    752    737    747
44009  2 2    709    732    767    774    766    754    718    712    711    715
44009  3 1    736    751    787    837    828    820    794    771    768    763
44009  3 2    736    757    779    823    821    821    797    764    760    767
44009  4 1    734    763    778    820    862    860    836    820    794    803
44009  4 2    713    739    759    785    823    825    816    800    764    769
44009  5 1    779    789    816    841    879    931    918    899    876    866
44009  5 2    738    757    782    811    835    876    867    867    840    820
44009  6 1    729    767    772    807    822    866    904    899    875    872
44009  6 2    729    760    782    812    834    863    895    896    894    883
44009  7 1    739    741    779    794    823    843    877    925    916    903
44009  7 2    725    728    756    784    810    837    855    899    895    902
44009  8 1    771    777    780    823    834    870    879    922    971    976
44009  8 2    662    667    670    701    723    747    761    788    825    835
44009  9 1    821    863    871    880    922    937    961    984   1033   1102
44009  9 2    687    728    735    741    771    794    814    837    865    919
44009 10 1    787    796    835    847    851    895    898    936    952   1015
44009 10 2    668    677    716    723    726    763    774    804    825    865
44009 11 1    729    772    778    822    830    837    869    881    916    947
44009 11 2    676    709    714    763    767    772    796    823    848    884
44009 12 1    689    710    749    764    799    809    805    843    854    904
44009 12 2    667    695    726    740    783    793    786    822    843    887
44009 13 1    702    730    752    800    805    851    853    855    894    925
44009 13 2    639    666    692    730    736    783    781    784    817    854
44009 14 1    646    690    716    744    787    797    826    839    839    893
44009 14 2    601    645    668    701    733    745    782    789    789    838
44009 15 1    639    627    671    701    726    770    769    809    816    833
44009 15 2    608    588    632    661    686    719    722    763    770    782
44009 16 1    660    664    655    702    733    758    798    806    845    873
44009 16 2    584    595    576    624    645    676    700    709    748    770
44009 17 1    650    625    622    606    642    668    681    718    718    748
44009 17 2    635    608    611    586    625    644    666    689    696    730
44009 18 1   1095    911    880    876    870    899    927    945    997    992
44009 18 2   1275   1077   1029   1033   1018   1053   1074   1089   1145   1147
44009 19 1   1423   1218   1012    965    988    944   1006   1031   1074   1110
44009 19 2   1687   1458   1225   1171   1203   1142   1205   1225   1283   1310
44009 20 1   1343   1324   1142    933    917    908    898    944    982   1008
44009 20 2   1519   1500   1283   1046   1027   1022    991   1042   1086   1109
44009 21 1   1227   1292   1278   1088    890    857    866    860    907    934
44009 21 2   1329   1404   1383   1170    943    911    920    888    955    982
44009 22 1   1013   1085   1154   1134    976    777    761    764    755    791
44009 22 2    990   1056   1123   1104    943    750    729    732    708    756
44009 23 1    872    898    974   1029   1020    871    691    675    675    662
44009 23 2    768    796    852    907    897    769    603    592    593    568
44009 24 1    837    837    870    934    994    977    832    663    646    640
44009 24 2    768    773    802    857    916    910    769    608    596    590
44009 25 1    829    801    806    828    899    951    932    793    631    612
44009 25 2    798    766    770    800    860    922    910    774    606    598
44009 26 1    836    804    784    781    813    878    930    913    783    615
44009 26 2    778    750    720    721    760    818    874    860    735    567
44009 27 1    900    891    863    835    841    872    945    995    982    836
44009 27 2    824    818    789    759    769    811    868    931    920    781
44009 28 1    801    778    771    742    717    725    746    809    850    835
44009 28 2    874    853    846    815    782    795    830    890    948    928
44009 29 1    916    909    886    876    844    821    821    852    917    962
44009 29 2    963    952    932    923    890    861    871    905    976   1034
44009 30 1    935    926    925    899    892    859    833    836    864    930
44009 30 2    971    967    957    938    930    899    865    872    909    976
44009 31 1    886    891    886    884    861    856    823    799    804    828
44009 31 2    989    993    992    988    967    962    929    893    907    942
44009 32 1    943    931    941    942    940    922    911    880    858    860
44009 32 2   1008    994   1004   1005   1005    992    987    954    922    933
44009 33 1    961    969    964    974    982    981    963    957    925    900
44009 33 2    996   1006    997   1008   1017   1019   1005   1000    971    933
44009 34 1    960   1012   1029   1018   1041   1045   1052   1030   1030    992
44009 34 2    947    992   1006    993   1018   1029   1031   1017   1016    983
44009 35 1    988    986   1042   1058   1057   1080   1084   1092   1072   1070
44009 35 2   1024   1023   1074   1089   1086   1114   1126   1126   1112   1108
44009 36 1    918    950    954   1007   1030   1032   1050   1052   1067   1046
44009 36 2    993   1018   1021   1075   1094   1096   1123   1129   1133   1113
44009 37 1    901    951    985    984   1045   1071   1066   1084   1090   1100
44009 37 2    950    995   1027   1030   1089   1115   1112   1136   1144   1145
44009 38 1    865    878    930    964    969   1030   1053   1049   1070   1071
44009 38 2    898    918    964    992   1003   1061   1088   1081   1107   1108
44009 39 1    939   1000   1019   1080   1121   1130   1202   1219   1220   1235
44009 39 2    934    992   1017   1067   1104   1121   1180   1208   1204   1224
44009 40 1    915    911    975    994   1057   1102   1107   1175   1200   1189
44009 40 2    819    816    872    890    941    976    986   1038   1062   1052
44009 41 1    893    899    896    958    982   1048   1087   1089   1159   1179
44009 41 2    848    857    851    910    931    989   1022   1031   1087   1103
44009 42 1    845    843    852    849    911    938    995   1030   1036   1101
44009 42 2    857    854    861    859    921    947   1000   1034   1047   1099
44009 43 1    916    842    840    849    853    921    940    999   1036   1039
44009 43 2    916    842    840    848    850    917    938    989   1025   1033
44009 44 1    681    959    875    874    885    890    956    976   1037   1074
44009 44 2    606    850    782    779    791    797    855    875    928    954
44009 45 1    701    685    965    882    888    901    901    969    993   1051
44009 45 2    653    639    900    826    828    844    844    905    926    977
44009 46 1    659    658    644    910    835    840    848    851    916    933
44009 46 2    674    670    656    922    853    856    868    870    933    953
44009 47 1    704    657    654    643    912    836    838    847    850    910
44009 47 2    693    656    651    634    902    834    835    846    848    907
44009 48 1    547    647    603    600    594    842    772    773    786    786
44009 48 2    523    614    581    577    566    804    741    742    752    750
44009 49 1    522    565    667    626    627    621    875    802    808    821
44009 49 2    576    618    730    687    686    679    954    885    888    900
44009 50 1    452    470    509    604    566    570    562    793    729    729
44009 50 2    517    541    583    681    648    652    642    898    836    833
44009 51 1    476    476    493    533    636    598    600    590    833    762
44009 51 2    465    464    483    521    615    587    585    573    813    747
44009 52 1    436    438    437    454    492    590    551    551    545    770
44009 52 2    459    465    463    480    522    619    588    586    577    809
44009 53 1    432    455    458    459    479    521    617    579    581    576
44009 53 2    460    484    488    486    507    553    652    620    618    604
44009 54 1    459    452    478    481    481    506    548    652    611    614
44009 54 2    438    436    457    460    462    485    525    620    590    586
44009 55 1    429    422    416    438    441    447    464    503    601    563
44009 55 2    442    434    429    450    456    460    481    519    616    583
44009 56 1    411    430    422    416    441    447    450    466    507    606
44009 56 2    406    425    420    414    436    447    444    470    505    597
44009 57 1    392    382    400    392    389    414    414    419    437    472
44009 57 2    433    420    438    426    426    454    459    458    478    519
44009 58 1    373    364    355    372    369    366    388    389    394    408
44009 58 2    412    397    386    403    396    396    418    422    423    442
44009 59 1    441    410    402    392    409    406    401    424    430    429
44009 59 2    445    418    403    388    408    403    401    425    430    430
44009 60 1    417    397    369    361    353    371    367    363    385    388
44009 60 2    463    446    414    401    389    408    398    396    420    424
44009 61 1    426    414    393    365    358    352    366    361    358    378
44009 61 2    448    435    419    389    377    365    381    376    374    394
44009 62 1    437    417    405    386    357    352    342    360    356    350
44009 62 2    483    460    439    423    392    381    368    384    377    375
44009 63 1    417    419    399    387    373    343    339    329    344    338
44009 63 2    480    476    451    433    419    390    376    364    381    370
44009 64 1    443    438    445    421    410    394    364    359    349    364
44009 64 2    467    460    454    430    415    403    372    359    347    363
44009 65 1    434    422    421    427    406    402    399    377    371    359
44009 65 2    491    475    480    478    455    455    446    423    409    403
44009 66 1    393    391    378    377    380    362    366    362    338    331
44009 66 2    474    475    466    459    455    437    436    428    405    392
44009 67 1    395    403    416    404    397    409    394    389    383    363
44009 67 2    484    496    497    477    478    480    460    460    447    416
44009 68 1    389    379    396    392    375    380    391    368    371    367
44009 68 2    483    474    477    475    463    464    463    445    436    421
44009 69 1    378    386    368    370    382    377    375    388    372    371
44009 69 2    491    500    488    497    494    477    486    488    466    459
44009 70 1    335    360    359    345    357    363    350    355    364    346
44009 70 2    426    450    462    452    450    452    447    448    446    426
44009 71 1    338    347    378    386    365    376    390    380    380    386
44009 71 2    400    409    440    445    433    451    449    437    443    451
44009 72 1    312    322    338    364    362    354    372    370    360    360
44009 72 2    404    410    429    453    458    453    459    463    454    459
44009 73 1    272    285    297    303    328    339    326    333    345    350
44009 73 2    367    383    385    389    417    426    419    436    438    426
44009 74 1    266    280    287    297    307    335    338    328    345    360
44009 74 2    389    396    401    401    417    446    457    453    458    461
44009 75 1    283    292    299    309    322    344    371    382    371    375
44009 75 2    372    378    381    393    401    418    445    452    444    456
44009 76 1    229    237    246    256    261    278    289    314    321    309
44009 76 2    322    332    338    339    345    360    372    394    403    395
44009 77 1    203    213    222    227    233    245    260    271    287    293
44009 77 2    310    317    326    331    327    344    352    366    387    397
44009 78 1    182    193    201    212    215    226    235    248    255    272
44009 78 2    318    340    346    353    354    361    372    381    394    420
44009 79 1    168    178    189    196    206    214    223    231    240    249
44009 79 2    285    294    311    312    318    328    328    337    349    360
44009 80 1    162    172    183    192    200    211    217    230    237    251
44009 80 2    273    282    287    304    304    311    321    325    339    354
44009 81 1    133    139    145    152    163    169    179    186    195    204
44009 81 2    226    237    241    249    259    262    270    282    281    293
44009 82 1    111    116    119    122    131    139    146    156    162    168
44009 82 2    205    209    215    221    224    233    240    250    257    263
44009 83 1     97    106    111    114    122    127    135    145    155    160
44009 83 2    200    212    216    224    229    232    248    254    263    268
44009 84 1     88     94    101    103    107    113    120    131    137    147
44009 84 2    173    178    188    193    197    200    207    223    229    237
44009 85 1    338    350    365    387    406    424    451    471    505    540
44009 85 2    933    971   1019   1058   1099   1156   1211   1243   1299   1355
